320
240
22
1311
5
5
5
5
1311
5
5
5
5
1311
5
5
5
5
1311
5
5
5
5
1311
5
5
5
5
1311
5
5
5
5
1311
5
5
5
5
1311
5
5
5
5
1311
5
5
5
5
1311
5
5
5
5
1311
5
5
5
5
1311
5
5
5
5
1311
5
5
5
5
1311
5
5
5
5
1311
5
5
5
5
1311
5
5
5
5
1311
5
5
5
5
1311
5
5
5
5
1311
5
5
5
5
1311
5
5
5
5
-1
5
5
5
5
-1
5
5
5
5
-1
5
5
5
5
1311
5
5
5
5
1311
5
5
5
5
1311
5
5
5
5
1311
5
5
5
5
1311
5
5
5
5
1311
5
5
5
5
1311
5
5
5
5
1311
5
5
5
5
1311
5
5
5
5
1265
5
5
5
5
1267
5
5
5
5
1382
5
5
5
5
1407
5
5
5
5
1399
5
5
5
5
1403
5
5
5
5
1386
5
5
5
5
1267
5
5
5
5
1285
5
5
5
5
1286
5
5
5
5
1267
5
5
5
5
1267
5
5
5
5
1273
5
5
5
5
1311
5
5
5
5
1311
5
5
5
5
1266
5
5
5
5
1268
5
5
5
20
1383
5
20
5
20
1407
5
20
5
20
1399
5
20
5
20
1403
5
20
5
20
1387
5
20
5
20
1279
5
20
5
20
1279
5
20
5
20
1279
5
20
5
20
1279
5
20
5
20
1272
5
20
5
5
1274
5
5
5
5
1311
5
5
5
5
1311
5
5
5
5
1266
5
5
5
5
1277
5
5
20
20
1264
20
20
20
20
1407
20
20
20
20
1399
20
20
20
20
1403
20
20
20
20
1264
20
20
20
20
1264
20
20
20
20
1396
4
4
20
20
1264
20
20
20
20
1264
20
20
20
20
1278
20
20
5
5
1274
5
5
5
5
1311
5
5
5
5
1311
5
5
5
5
1281
5
5
5
5
1277
5
5
20
20
1264
20
20
20
20
1407
20
20
20
20
1399
20
20
20
20
1403
20
20
20
20
1264
20
20
20
20
1264
20
20
20
20
1397
4
4
20
20
1264
20
20
20
20
1264
20
20
20
20
1299
20
20
5
5
1302
5
5
5
5
1311
5
5
5
5
1311
5
5
5
5
1282
5
5
5
5
1277
5
5
20
20
1264
20
20
20
20
1407
20
20
20
20
1399
20
20
20
20
1403
20
20
20
20
1264
20
20
20
20
1264
20
20
20
20
1397
4
4
20
20
1264
20
20
20
20
1264
20
20
20
20
1300
20
20
5
5
1303
5
5
5
5
1311
5
5
5
5
1311
5
5
5
5
1266
5
5
5
5
1277
5
5
20
20
1264
20
20
20
20
1407
20
20
20
20
1399
20
20
20
20
1403
20
20
20
20
1264
20
20
20
20
1264
20
20
20
20
1397
4
4
20
20
1356
21
21
21
21
1362
21
21
21
21
1301
20
20
5
5
1304
5
5
5
5
1311
5
5
5
5
1311
5
5
5
5
1266
5
5
5
5
1277
5
5
20
20
1264
20
20
20
20
1407
20
20
20
20
1399
20
20
20
20
1403
20
20
20
20
1264
20
20
20
20
1264
20
20
20
20
1397
4
4
20
20
1357
21
21
21
21
1363
21
21
21
21
1278
20
20
5
5
1274
5
5
5
5
1311
5
5
5
5
1311
5
5
5
5
1281
5
5
5
5
1277
5
5
20
20
1264
20
20
20
20
1407
20
20
20
20
1399
20
20
20
20
1403
20
20
20
20
1264
20
20
20
20
1264
20
20
20
20
1397
4
4
20
20
1357
21
21
21
21
1363
21
21
21
21
1318
20
20
5
20
1320
5
20
5
20
1311
5
5
5
5
1311
5
5
5
5
1282
5
5
5
5
1277
5
5
20
20
1264
20
20
20
20
1407
20
20
20
20
1399
20
20
20
20
1403
20
20
20
20
1264
20
20
20
20
1264
20
20
20
20
1397
4
4
20
20
1357
21
21
21
21
1363
21
21
21
21
1319
20
20
20
5
1321
20
5
20
5
1311
5
5
5
5
1311
5
5
5
5
1266
5
5
5
5
1277
5
5
20
20
1264
20
20
20
20
1407
20
20
20
20
1399
20
20
20
20
1403
20
20
20
20
1264
20
20
20
20
1264
20
20
20
20
1397
4
4
20
20
1357
21
21
21
21
1363
21
21
21
21
1278
20
20
5
5
1274
5
5
5
5
1311
5
5
5
5
1311
5
5
5
5
1266
5
5
5
5
1277
5
5
20
20
1264
20
20
20
20
1407
20
20
20
20
1399
20
20
20
20
1403
20
20
20
20
1264
20
20
20
20
1264
20
20
20
20
1398
4
4
20
20
1358
21
21
21
21
1364
21
21
21
21
1299
20
20
5
5
1302
5
5
5
5
1311
5
5
5
5
1311
5
5
5
5
1281
5
5
5
5
1277
5
5
20
20
1264
20
20
20
20
1407
20
20
20
20
1399
20
20
20
20
1403
20
20
20
20
1264
20
20
20
20
1352
20
20
5
5
1350
5
5
5
5
1264
20
20
20
20
1264
20
20
20
20
1300
20
20
5
5
1303
5
5
5
5
1311
5
5
5
5
1311
5
5
5
5
1282
5
5
5
5
1277
5
5
20
20
1264
20
20
20
20
1407
20
20
20
20
1399
20
20
20
20
1403
20
20
20
20
1264
20
20
20
20
1353
20
20
5
5
430
5
5
5
5
1264
20
20
20
20
1264
20
20
20
20
1301
20
20
5
5
1304
5
5
5
5
1311
5
5
5
5
1311
5
5
5
5
1266
5
5
5
5
1277
5
5
20
20
1264
20
20
20
20
1407
20
20
20
20
1399
20
20
20
20
1403
20
20
20
20
1264
20
20
20
20
1354
20
20
5
5
1351
5
5
5
5
1355
16
16
16
16
1264
20
20
20
20
1278
20
20
5
5
1274
5
5
5
5
1311
5
5
5
5
1311
5
5
5
5
1266
5
5
5
5
1270
5
5
20
5
1389
20
5
20
5
1407
20
5
20
5
1399
20
5
20
5
1403
20
5
20
5
1393
20
5
20
5
1280
20
5
20
5
1280
20
5
20
5
1280
20
5
20
5
1280
20
5
20
5
1275
20
5
5
5
1274
5
5
5
5
1311
5
5
5
5
1311
5
5
5
5
1269
5
5
5
5
1271
5
5
5
5
1390
5
5
5
5
1407
5
5
5
5
1399
5
5
5
5
1403
5
5
5
5
1394
5
5
5
5
1271
5
5
5
5
1287
5
5
5
5
1288
5
5
5
5
1271
5
5
5
5
1271
5
5
5
5
1276
5
5
5
5
1311
5
5
5
5
1311
5
5
5
5
1311
5
5
5
5
1311
5
5
5
5
1311
5
5
5
5
-1
5
5
5
5
-1
5
5
5
5
-1
5
5
5
5
1311
5
5
5
5
1311
5
5
5
5
1311
5
5
5
5
1311
5
5
5
5
1311
5
5
5
5
1311
5
5
5
5
1311
5
5
5
5
1311
5
5
5
5
1311
5
5
5
5
1311
5
5
5
5
1311
5
5
5
5
1311
5
5
5
5
1311
5
5
5
5
1311
5
5
5
5
1311
5
5
5
5
1311
5
5
5
5
1311
5
5
5
5
1311
5
5
5
5
1311
5
5
5
5
1311
5
5
5
5
1311
5
5
5
5
1311
5
5
5
5
14
1
5
1311
1
6
1311
1
7
1311
2
5
1388
2
6
1388
2
7
1388
9
14
1322
10
14
1323
17
5
1395
17
6
1395
17
7
1395
18
5
1311
18
6
1311
18
7
1311
