320
240
23
1311
5
5
5
5
1311
5
5
5
5
1311
5
5
5
5
1311
5
5
5
5
1311
5
5
5
5
1311
5
5
5
5
1311
5
5
5
5
1311
5
5
5
5
1311
5
5
5
5
1311
5
5
5
5
1311
5
5
5
5
1311
5
5
5
5
1311
5
5
5
5
1311
5
5
5
5
1311
5
5
5
5
1311
5
5
5
5
1311
5
5
5
5
1311
5
5
5
5
1311
5
5
5
5
1311
5
5
5
5
1311
5
5
5
5
1311
5
5
5
5
1311
5
5
5
5
1311
5
5
5
5
1311
5
5
5
5
1311
5
5
5
5
1311
5
5
5
5
1311
5
5
5
5
1311
5
5
5
5
1311
5
5
5
5
1311
5
5
5
5
1311
5
5
5
5
1265
5
5
5
5
1267
5
5
5
5
1285
5
5
5
5
1286
5
5
5
5
1267
5
5
5
5
1305
5
5
5
5
1307
5
5
5
5
1309
5
5
5
5
1267
5
5
5
5
1285
5
5
5
5
1286
5
5
5
5
1267
5
5
5
5
1273
5
5
5
5
1311
5
5
5
5
1311
5
5
5
5
1266
5
5
5
5
1268
5
5
5
20
1279
5
20
5
20
1279
5
20
5
20
1279
5
20
5
20
1306
5
20
5
20
1308
5
20
5
20
1310
5
20
5
20
1279
5
20
5
20
1279
5
20
5
20
1279
5
20
5
20
1272
5
20
5
5
1274
5
5
5
5
1311
5
5
5
5
1311
5
5
5
5
1266
5
5
5
5
1330
5
5
5
5
1332
5
5
5
5
1334
5
5
5
5
1264
20
20
20
20
1264
20
20
20
20
1264
20
20
20
20
1264
20
20
20
20
1264
20
20
20
20
1264
20
20
20
20
1264
20
20
20
20
1278
20
20
5
5
1274
5
5
5
5
1311
5
5
5
5
1311
5
5
5
5
1281
5
5
5
5
1331
5
5
5
5
1333
5
5
5
5
1335
5
5
5
5
1264
20
20
20
20
1264
20
20
20
20
1264
20
20
20
20
1356
21
21
21
21
1362
21
21
21
21
1264
20
20
20
20
1264
20
20
20
20
1299
20
20
5
5
1302
5
5
5
5
1311
5
5
5
5
1311
5
5
5
5
1282
5
5
5
5
1277
5
5
20
20
1264
20
20
20
20
1264
20
20
20
20
1264
20
20
20
20
1264
20
20
20
20
1264
20
20
20
20
1357
21
21
21
21
1363
21
21
21
21
1264
20
20
20
20
1264
20
20
20
20
1300
20
20
5
5
1303
5
5
5
5
1311
5
5
5
5
1311
5
5
5
5
1266
5
5
5
5
1277
5
5
20
20
1264
20
20
20
20
1324
16
16
16
16
1327
16
16
16
16
1264
20
20
20
20
1264
20
20
20
20
1357
21
21
21
21
1363
21
21
21
21
1264
20
20
20
20
1264
20
20
20
20
1301
20
20
5
5
1304
5
5
5
5
1311
5
5
5
5
1311
5
5
5
5
1338
5
5
5
5
1341
5
5
5
5
1264
20
20
20
20
1325
16
16
16
16
1328
16
16
16
16
1355
16
16
16
16
1264
20
20
20
20
1358
21
21
21
21
1364
21
21
21
21
1264
20
20
20
20
1264
20
20
20
20
1278
20
20
5
5
1274
5
5
5
5
1311
5
5
5
5
1311
5
5
5
5
1339
5
5
5
5
1342
5
5
5
5
1264
20
20
20
20
1326
16
16
16
16
1329
16
16
16
16
1264
20
20
20
20
1264
20
20
20
20
1264
20
20
20
20
1264
20
20
20
20
1264
20
20
20
20
1264
20
20
20
20
1318
20
20
5
20
1320
5
20
5
20
1311
5
5
5
5
1311
5
5
5
5
1340
5
5
5
5
1343
5
5
5
5
1264
20
20
20
20
1264
20
20
20
20
1264
20
20
20
20
1264
20
20
20
20
1264
20
20
20
20
1264
20
20
20
20
1264
20
20
20
20
1264
20
20
20
20
1264
20
20
20
20
1319
20
20
20
5
1321
20
5
20
5
1311
5
5
5
5
1311
5
5
5
5
1266
5
5
5
5
1277
5
5
20
20
1264
20
20
20
20
1356
21
21
21
21
1359
21
21
21
21
1359
21
21
21
21
1362
21
21
21
21
1264
20
20
20
20
1264
20
20
20
20
1264
20
20
20
20
1264
20
20
20
20
1278
20
20
5
5
1274
5
5
5
5
1311
5
5
5
5
1311
5
5
5
5
1338
5
5
5
5
1341
5
5
5
5
1264
20
20
20
20
1357
21
21
21
21
1360
21
21
21
21
1360
21
21
21
21
1363
21
21
21
21
1264
20
20
20
20
1355
16
16
16
16
1264
20
20
20
20
1264
20
20
20
20
1299
20
20
5
5
1302
5
5
5
5
1311
5
5
5
5
1311
5
5
5
5
1339
5
5
5
5
1342
5
5
5
5
1264
20
20
20
20
1357
21
21
21
21
1360
21
21
21
21
1360
21
21
21
21
1363
21
21
21
21
1264
20
20
20
20
1324
16
16
16
16
1336
16
16
20
20
1264
20
20
20
20
1300
20
20
5
5
1303
5
5
5
5
1311
5
5
5
5
1311
5
5
5
5
1340
5
5
5
5
1343
5
5
5
5
1264
20
20
20
20
1358
21
21
21
21
1361
21
21
21
21
1361
21
21
21
21
1364
21
21
21
21
1264
20
20
20
20
1326
16
16
16
16
1337
16
16
20
20
1264
20
20
20
20
1301
20
20
5
5
1304
5
5
5
5
1311
5
5
5
5
1311
5
5
5
5
1266
5
5
5
5
1277
5
5
20
20
1264
20
20
20
20
1264
20
20
20
20
1264
20
20
20
20
1264
20
20
20
20
1264
20
20
20
20
1264
20
20
20
20
1264
20
20
20
20
1264
20
20
20
20
1264
20
20
20
20
1278
20
20
5
5
1274
5
5
5
5
1311
5
5
5
5
1311
5
5
5
5
1266
5
5
5
5
1270
5
5
20
5
1280
20
5
20
5
1280
20
5
20
5
1280
20
5
20
5
1312
20
5
20
5
1314
20
5
20
5
1316
20
5
20
5
1280
20
5
20
5
1280
20
5
20
5
1280
20
5
20
5
1275
20
5
5
5
1274
5
5
5
5
1311
5
5
5
5
1311
5
5
5
5
1269
5
5
5
5
1271
5
5
5
5
1287
5
5
5
5
1288
5
5
5
5
1271
5
5
5
5
1313
5
5
5
5
1315
5
5
5
5
1317
5
5
5
5
1271
5
5
5
5
1287
5
5
5
5
1288
5
5
5
5
1271
5
5
5
5
1276
5
5
5
5
1311
5
5
5
5
1311
5
5
5
5
1311
5
5
5
5
1311
5
5
5
5
1311
5
5
5
5
1311
5
5
5
5
1311
5
5
5
5
1311
5
5
5
5
1311
5
5
5
5
1311
5
5
5
5
1311
5
5
5
5
1311
5
5
5
5
1311
5
5
5
5
1311
5
5
5
5
1311
5
5
5
5
1311
5
5
5
5
1311
5
5
5
5
1311
5
5
5
5
1311
5
5
5
5
1311
5
5
5
5
1311
5
5
5
5
1311
5
5
5
5
1311
5
5
5
5
1311
5
5
5
5
1311
5
5
5
5
1311
5
5
5
5
1311
5
5
5
5
1311
5
5
5
5
1311
5
5
5
5
1311
5
5
5
5
2
9
14
1322
10
14
1323
