128
0
0,0,0,0,1,0,0,0,0,0,0,0
0
9
0,0,0,0,1,0,0,0,0,0,0,0
0
0
0,0,0,0,0,0,0,0,0,0,0,0
0
0
0,0,0,0,0,0,0,0,0,0,0,0
0
0
0,0,0,0,0,0,0,0,0,0,0,0
0
0
0,0,0,0,0,0,0,0,0,0,0,0
0
0
0,0,0,0,1,0,0,0,0,0,0,0
0
0
0,0,0,0,0,0,0,0,0,0,0,0
0
0
0,0,0,0,0,0,0,0,0,0,0,0
0
0
0,0,0,0,0,0,0,0,0,0,0,0
0
0
0,0,0,0,0,0,0,0,0,0,0,0
0
0
0,0,0,0,0,0,0,0,0,0,0,0
0
0
0,0,0,0,0,0,0,0,0,0,0,0
0
0
0,0,0,0,1,0,0,0,0,0,0,0
0
0
0,0,0,0,1,0,0,0,0,0,0,0
0
0
0,0,0,0,1,0,0,0,0,0,0,0
0
0
0,0,0,0,1,0,0,0,0,0,0,0
0
0
0,0,0,0,1,0,0,0,0,0,0,0
0
0
0,0,0,0,0,0,0,0,0,0,0,0
0
0
0,0,0,0,0,0,0,0,0,0,0,0
0
0
0,0,0,0,0,0,0,0,0,0,0,0
0
0
0,0,0,0,0,0,0,0,0,0,0,0
0
0
0,0,0,0,1,0,0,0,0,0,0,0
0
0
0,0,0,0,0,0,0,0,0,0,0,0
0
0
0,0,0,0,0,0,0,0,0,0,0,0
0
0
0,0,0,0,0,0,0,0,0,0,0,0
0
0
0,0,0,0,0,0,0,0,0,0,0,0
0
0
0,0,0,0,0,0,0,0,0,0,0,0
0
0
0,0,0,0,0,0,0,0,0,0,0,0
0
0
0,0,0,0,1,0,0,0,0,0,0,0
0
0
0,0,0,0,1,0,0,0,0,0,0,0
0
0
0,0,0,0,1,0,0,0,0,0,0,0
0
0
0,0,0,0,1,0,0,0,0,0,0,0
0
0
0,0,0,0,1,0,0,0,0,0,0,0
0
0
0,0,0,0,0,0,0,0,0,0,0,0
0
0
0,0,0,0,0,0,0,0,0,0,0,0
0
0
0,0,0,0,0,0,0,0,0,0,0,0
0
0
0,0,0,0,0,0,0,0,0,0,0,0
0
0
0,0,0,0,1,0,0,0,0,0,0,0
0
0
0,0,0,0,0,0,0,0,0,0,0,0
0
0
0,0,0,0,0,0,0,0,0,0,0,0
0
0
0,0,0,0,0,0,0,0,0,0,0,0
0
0
0,0,0,0,0,0,0,0,0,0,0,0
0
0
0,0,0,0,1,0,0,0,0,0,0,0
0
0
0,0,0,0,0,0,0,0,0,0,0,0
0
0
0,0,0,0,0,0,0,0,0,0,0,0
0
0
0,0,0,0,0,0,0,0,0,0,0,0
0
0
0,0,0,0,0,0,0,0,0,0,0,0
0
0
0,0,0,0,0,0,0,0,0,0,0,0
0
0
0,0,0,0,1,0,0,0,0,0,0,0
0
0
0,0,0,0,1,0,0,0,0,0,0,0
0
0
0,0,0,0,0,0,0,0,0,0,0,0
0
0
0,0,0,0,0,0,0,0,0,0,0,0
0
0
0,0,0,0,1,0,0,0,0,0,0,0
0
0
0,0,0,0,1,0,0,0,0,0,0,0
0
0
0,0,0,0,1,0,0,0,0,0,0,0
0
0
0,0,0,0,1,0,0,0,0,0,0,0
0
0
0,0,0,0,0,0,0,0,0,0,0,0
0
0
0,0,0,0,1,0,0,0,0,0,0,0
0
0
0,0,0,0,1,0,0,0,0,0,0,0
0
0
0,0,0,0,0,0,0,0,0,0,0,0
0
12
0,0,0,0,0,0,0,0,0,0,0,0
0
0
0,0,0,0,0,0,0,0,0,0,0,0
0
0
0,0,0,0,1,0,0,0,0,0,0,0
0
0
0,0,0,0,0,0,0,0,0,0,0,0
0
0
0,0,0,0,0,0,0,0,0,0,0,0
0
0
0,0,0,0,0,0,0,0,0,0,0,0
0
0
0,0,0,0,0,0,0,0,0,0,0,0
0
0
0,0,0,0,0,0,0,0,0,0,0,0
0
0
0,0,0,0,0,0,0,0,0,0,0,0
0
0
0,0,0,0,0,0,0,0,0,0,0,0
0
0
0,0,0,0,0,0,0,0,0,0,0,0
0
0
0,0,0,0,1,0,0,0,0,0,0,0
0
0
0,0,0,0,0,0,0,0,0,0,0,0
0
0
0,0,0,0,1,0,0,0,0,0,0,0
0
0
0,0,0,0,0,0,0,0,0,0,0,0
0
0
2,100,0,0,12,0,0,0,0,0,0,0
0
0
2,200,0,0,12,0,0,0,0,0,0,0
0
0
0,0,0,0,1,0,0,0,0,0,0,0
0
0
0,0,0,0,0,0,0,0,0,0,0,0
0
1
0,0,0,0,1,0,0,0,0,0,0,0
0
1
0,0,0,0,1,0,0,0,0,0,0,0
0
1
0,0,0,0,1,0,0,0,0,0,0,0
0
0
0,0,0,0,1,0,0,0,0,0,0,0
0
1
0,0,0,0,1,0,0,0,0,0,0,0
0
1
0,0,0,0,1,0,0,0,0,0,0,0
0
1
0,0,0,0,1,0,0,0,0,0,0,0
0
1
0,0,0,0,1,0,0,0,0,0,0,0
0
0
0,0,0,0,0,0,0,0,0,0,0,0
0
0
0,0,0,0,0,0,0,0,0,0,0,0
0
0
0,0,0,0,0,0,0,0,0,0,0,0
0
0
0,0,0,0,0,0,0,0,0,0,0,0
0
0
0,0,0,0,0,0,0,0,0,0,0,0
0
0
0,0,0,0,0,0,0,0,0,0,0,0
0
0
0,0,0,0,0,0,0,0,0,0,0,0
0
0
0,0,0,0,1,0,0,0,0,0,0,0
0
1
0,0,0,0,1,0,0,0,0,0,0,0
0
1
0,0,0,0,1,0,0,0,0,0,0,0
0
1
0,0,0,0,1,0,0,0,0,0,0,0
0
0
0,0,0,0,1,0,0,0,0,0,0,0
0
1
0,0,0,0,1,0,0,0,0,0,0,0
0
0
0,0,0,0,2,0,0,0,0,0,0,0
0
0
0,0,0,0,0,0,0,0,0,0,0,0
0
0
0,0,0,0,0,0,0,0,0,0,0,0
0
0
0,0,0,0,0,0,0,0,0,0,0,0
0
0
1,0,1,0,14,0,0,0,0,0,0,0
0
0
0,0,0,0,0,0,0,0,0,0,0,0
0
0
0,0,0,0,0,0,0,0,0,0,0,0
0
0
0,0,0,0,0,0,0,0,0,0,0,0
0
0
30,136,19,0,8,0,0,0,0,0,0,0
0
0
0,0,2,0,24,0,0,0,0,0,0,0
0
0
2,0,1,0,12,0,0,0,0,0,0,0
0
1
0,0,0,0,1,0,0,0,0,0,0,0
0
1
0,0,0,0,1,0,0,0,0,0,0,0
0
1
0,0,0,0,1,0,0,0,0,0,0,0
0
0
0,0,0,0,0,0,0,0,0,0,0,0
0
1
0,0,0,0,1,0,0,0,0,0,0,0
0
25
1,0,0,0,24,0,0,0,0,0,0,0
0
25
2,0,0,0,24,0,0,0,0,0,0,0
0
25
3,0,0,0,24,0,0,0,0,0,0,0
0
25
4,0,0,0,24,0,0,0,0,0,0,0
0
27
1,0,0,0,0,0,0,0,0,0,0,0
0
27
2,0,0,0,0,0,0,0,0,0,0,0
0
27
3,0,0,0,0,0,0,0,0,0,0,0
0
27
4,0,0,0,0,0,0,0,0,0,0,0
0
32
0,0,0,0,0,0,0,0,0,0,0,0
0
32
1,0,0,0,0,0,0,0,0,0,0,0
0
31
0,0,0,0,0,0,0,0,0,0,0,0
0
