320
240
18
1091
5
5
5
5
1091
5
5
5
5
1091
5
5
5
5
1091
5
5
5
5
1091
5
5
5
5
1091
5
5
5
5
1091
5
5
5
5
1091
5
5
5
5
1091
5
5
5
5
1091
5
5
5
5
1091
5
5
5
5
1091
5
5
5
5
1091
5
5
5
5
1091
5
5
5
5
1091
5
5
5
5
1091
5
5
5
5
1091
5
5
5
5
1091
5
5
5
5
1091
5
5
5
5
1091
5
5
5
5
1091
5
5
5
5
1091
5
5
5
5
1091
5
5
5
5
1091
5
5
5
5
1091
5
5
5
5
1091
5
5
5
5
1091
5
5
5
5
1091
5
5
5
5
1091
5
5
5
5
1091
5
5
5
5
1100
5
5
5
5
1096
5
5
5
5
1096
5
5
5
5
1096
5
5
5
5
1096
5
5
5
5
1096
5
5
5
5
1096
5
5
5
5
1096
5
5
5
5
1096
5
5
5
5
1096
5
5
5
5
1096
5
5
5
5
1096
5
5
5
5
1096
5
5
5
5
1096
5
5
5
5
1105
5
5
5
5
1092
5
5
5
5
1101
5
5
5
2
1097
5
2
5
2
1097
5
2
5
2
1097
5
2
5
2
1097
5
2
5
2
1097
5
2
5
2
1097
5
2
5
2
1097
5
2
5
2
1097
5
2
5
2
1097
5
2
5
2
1097
5
2
5
2
1097
5
2
5
2
1104
5
2
5
5
1095
5
5
5
5
1092
5
5
5
5
1093
5
5
2
2
1153
7
7
7
7
1156
7
7
7
7
1156
7
7
7
7
1156
7
7
7
7
1159
7
7
7
7
972
5
5
5
5
9
2
2
2
2
9
2
2
2
2
9
2
2
2
2
9
2
2
2
2
9
2
2
2
2
1094
2
2
5
5
1095
5
5
5
5
1092
5
5
5
5
1093
5
5
2
2
1154
7
7
7
7
1157
7
7
7
7
1157
7
7
7
7
1157
7
7
7
7
1160
7
7
7
7
9
2
2
2
2
9
2
2
2
2
9
2
2
2
2
9
2
2
2
2
9
2
2
2
2
9
2
2
2
2
1094
2
2
5
5
1095
5
5
5
5
1092
5
5
5
5
1093
5
5
2
2
1154
7
7
7
7
1157
7
7
7
7
1157
7
7
7
7
1157
7
7
7
7
1160
7
7
7
7
9
2
2
2
2
9
2
2
2
2
9
2
2
2
2
9
2
2
2
2
9
2
2
2
2
9
2
2
2
2
1094
2
2
5
5
1095
5
5
5
5
1092
5
5
5
5
1093
5
5
2
2
1154
7
7
7
7
1157
7
7
7
7
1157
7
7
7
7
1157
7
7
7
7
1160
7
7
7
7
848
19
19
19
19
848
19
19
19
19
848
19
19
19
19
848
19
19
19
19
848
19
19
19
19
9
2
2
2
2
1094
2
2
5
5
1095
5
5
5
5
1092
5
5
5
5
1093
5
5
2
2
1154
7
7
7
7
1157
7
7
7
7
1157
7
7
7
7
1157
7
7
7
7
1160
7
7
7
7
848
19
19
19
19
848
19
19
19
19
851
19
19
19
19
855
19
19
19
19
848
19
19
19
19
9
2
2
2
2
1094
2
2
5
5
1095
5
5
5
5
1092
5
5
5
5
1093
5
5
2
2
1154
7
7
7
7
1157
7
7
7
7
1157
7
7
7
7
1157
7
7
7
7
1160
7
7
7
7
848
19
19
19
19
849
19
19
19
19
852
19
19
19
19
856
19
19
19
19
848
19
19
19
19
9
2
2
2
2
1130
2
2
5
2
1132
5
2
5
2
1092
5
5
5
5
1093
5
5
2
2
1154
7
7
7
7
1157
7
7
7
7
1157
7
7
7
7
1157
7
7
7
7
1160
7
7
7
7
848
19
19
19
19
850
19
19
19
19
853
19
19
19
19
855
19
19
19
19
848
19
19
19
19
9
2
2
2
2
1131
2
2
2
5
1133
2
5
2
5
1092
5
5
5
5
1093
5
5
2
2
1154
7
7
7
7
1157
7
7
7
7
1157
7
7
7
7
1157
7
7
7
7
1160
7
7
7
7
848
19
19
19
19
848
19
19
19
19
854
19
19
19
19
856
19
19
19
19
848
19
19
19
19
9
2
2
2
2
1094
2
2
5
5
1095
5
5
5
5
1092
5
5
5
5
1093
5
5
2
2
1154
7
7
7
7
1157
7
7
7
7
1157
7
7
7
7
1157
7
7
7
7
1160
7
7
7
7
848
19
19
19
19
848
19
19
19
19
848
19
19
19
19
848
19
19
19
19
848
19
19
19
19
9
2
2
2
2
1094
2
2
5
5
1095
5
5
5
5
1092
5
5
5
5
1093
5
5
2
2
1154
7
7
7
7
1157
7
7
7
7
1157
7
7
7
7
1157
7
7
7
7
1160
7
7
7
7
9
2
2
2
2
9
2
2
2
2
9
2
2
2
2
9
2
2
2
2
9
2
2
2
2
9
2
2
2
2
1094
2
2
5
5
1095
5
5
5
5
1092
5
5
5
5
1093
5
5
2
2
1154
7
7
7
7
1157
7
7
7
7
1157
7
7
7
7
1157
7
7
7
7
1160
7
7
7
7
9
2
2
2
2
9
2
2
2
2
9
2
2
2
2
9
2
2
2
2
9
2
2
2
2
9
2
2
2
2
1094
2
2
5
5
1095
5
5
5
5
1092
5
5
5
5
1093
5
5
2
2
1155
7
7
7
7
1158
7
7
7
7
1158
7
7
7
7
1158
7
7
7
7
1161
7
7
7
7
972
5
5
5
5
9
2
2
2
2
9
2
2
2
2
9
2
2
2
2
9
2
2
2
2
9
2
2
2
2
1094
2
2
5
5
1095
5
5
5
5
1092
5
5
5
5
1103
5
5
2
5
1098
2
5
2
5
1098
2
5
2
5
1098
2
5
2
5
1098
2
5
2
5
1098
2
5
2
5
1098
2
5
2
5
1098
2
5
2
5
1098
2
5
2
5
1098
2
5
2
5
1098
2
5
2
5
1098
2
5
2
5
1106
2
5
5
5
1095
5
5
5
5
1102
5
5
5
5
1099
5
5
5
5
1099
5
5
5
5
1099
5
5
5
5
1099
5
5
5
5
1099
5
5
5
5
1099
5
5
5
5
1099
5
5
5
5
1099
5
5
5
5
1099
5
5
5
5
1099
5
5
5
5
1099
5
5
5
5
1099
5
5
5
5
1099
5
5
5
5
1107
5
5
5
5
1091
5
5
5
5
1091
5
5
5
5
1091
5
5
5
5
1091
5
5
5
5
1091
5
5
5
5
1091
5
5
5
5
1091
5
5
5
5
1091
5
5
5
5
1091
5
5
5
5
1091
5
5
5
5
1091
5
5
5
5
1091
5
5
5
5
1091
5
5
5
5
1091
5
5
5
5
1091
5
5
5
5
1091
5
5
5
5
1091
5
5
5
5
1091
5
5
5
5
1091
5
5
5
5
1091
5
5
5
5
1091
5
5
5
5
1091
5
5
5
5
1091
5
5
5
5
1091
5
5
5
5
1091
5
5
5
5
1091
5
5
5
5
1091
5
5
5
5
1091
5
5
5
5
1091
5
5
5
5
1091
5
5
5
5
2
9
14
1134
10
14
1135
