320
240
18
1091
5
5
5
5
1091
5
5
5
5
1091
5
5
5
5
1091
5
5
5
5
1091
5
5
5
5
1091
5
5
5
5
1091
5
5
5
5
1091
5
5
5
5
1091
5
5
5
5
1091
5
5
5
5
1091
5
5
5
5
1091
5
5
5
5
1091
5
5
5
5
1091
5
5
5
5
1091
5
5
5
5
1091
5
5
5
5
1091
5
5
5
5
1091
5
5
5
5
1091
5
5
5
5
1091
5
5
5
5
1091
5
5
5
5
1091
5
5
5
5
1091
5
5
5
5
1091
5
5
5
5
1091
5
5
5
5
1091
5
5
5
5
1091
5
5
5
5
1091
5
5
5
5
1091
5
5
5
5
1091
5
5
5
5
1091
5
5
5
5
1091
5
5
5
5
1091
5
5
5
5
1091
5
5
5
5
1091
5
5
5
5
1091
5
5
5
5
1091
5
5
5
5
1091
5
5
5
5
1091
5
5
5
5
1091
5
5
5
5
1091
5
5
5
5
1091
5
5
5
5
1091
5
5
5
5
1091
5
5
5
5
1091
5
5
5
5
1091
5
5
5
5
1091
5
5
5
5
1100
5
5
5
5
1096
5
5
5
5
1096
5
5
5
5
1096
5
5
5
5
1096
5
5
5
5
1096
5
5
5
5
1096
5
5
5
5
1096
5
5
5
5
1096
5
5
5
5
1096
5
5
5
5
1105
5
5
5
5
1091
5
5
5
5
1091
5
5
5
5
1091
5
5
5
5
1091
5
5
5
5
1092
5
5
5
5
1101
5
5
5
2
1097
5
2
5
2
1097
5
2
5
2
1097
5
2
5
2
1097
5
2
5
2
1097
5
2
5
2
1097
5
2
5
2
1097
5
2
5
2
1104
5
2
5
5
1095
5
5
5
5
1091
5
5
5
5
1091
5
5
5
5
1091
5
5
5
5
1091
5
5
5
5
1092
5
5
5
5
1093
5
5
2
2
9
2
2
2
2
9
2
2
2
2
9
2
2
2
2
9
2
2
2
2
9
2
2
2
2
9
2
2
2
2
972
5
5
5
5
1094
2
2
5
5
1113
5
5
5
5
1096
5
5
5
5
1105
5
5
5
5
1091
5
5
5
5
1091
5
5
5
5
1092
5
5
5
5
1093
5
5
2
2
9
2
2
2
2
9
2
2
2
2
9
2
2
2
2
9
2
2
2
2
9
2
2
2
2
9
2
2
2
2
9
2
2
2
2
1112
2
2
5
2
1097
5
2
5
2
1104
5
2
5
5
1095
5
5
5
5
1091
5
5
5
5
1091
5
5
5
5
1092
5
5
5
5
1093
5
5
2
2
9
2
2
2
2
9
2
2
2
2
9
2
2
2
2
9
2
2
2
2
9
2
2
2
2
9
2
2
2
2
9
2
2
2
2
9
2
2
2
2
972
5
5
5
5
1094
2
2
5
5
1095
5
5
5
5
1091
5
5
5
5
1091
5
5
5
5
1092
5
5
5
5
1093
5
5
2
2
1237
5
5
5
5
1237
5
5
5
5
1237
5
5
5
5
9
2
2
2
2
9
2
2
2
2
9
2
2
2
2
9
2
2
2
2
9
2
2
2
2
9
2
2
2
2
1094
2
2
5
5
1095
5
5
5
5
1091
5
5
5
5
1091
5
5
5
5
1092
5
5
5
5
1093
5
5
2
2
9
2
2
2
2
9
2
2
2
2
1237
5
5
5
5
9
2
2
2
2
9
2
2
2
2
9
2
2
2
2
9
2
2
2
2
9
2
2
2
2
9
2
2
2
2
1130
2
2
5
2
1132
5
2
5
2
1091
5
5
5
5
1091
5
5
5
5
1092
5
5
5
5
1093
5
5
2
2
9
2
2
2
2
9
2
2
2
2
1237
5
5
5
5
9
2
2
2
2
9
2
2
2
2
9
2
2
2
2
9
2
2
2
2
9
2
2
2
2
9
2
2
2
2
1131
2
2
2
5
1133
2
5
2
5
1091
5
5
5
5
1091
5
5
5
5
1092
5
5
5
5
1093
5
5
2
2
1237
5
5
5
5
1237
5
5
5
5
1237
5
5
5
5
9
2
2
2
2
9
2
2
2
2
9
2
2
2
2
9
2
2
2
2
9
2
2
2
2
9
2
2
2
2
1094
2
2
5
5
1095
5
5
5
5
1091
5
5
5
5
1091
5
5
5
5
1092
5
5
5
5
1093
5
5
2
2
9
2
2
2
2
9
2
2
2
2
9
2
2
2
2
9
2
2
2
2
9
2
2
2
2
9
2
2
2
2
9
2
2
2
2
9
2
2
2
2
972
5
5
5
5
1094
2
2
5
5
1095
5
5
5
5
1091
5
5
5
5
1091
5
5
5
5
1092
5
5
5
5
1093
5
5
2
2
9
2
2
2
2
9
2
2
2
2
9
2
2
2
2
9
2
2
2
2
9
2
2
2
2
9
2
2
2
2
9
2
2
2
2
1114
2
2
2
5
1098
2
5
2
5
1106
2
5
5
5
1095
5
5
5
5
1091
5
5
5
5
1091
5
5
5
5
1092
5
5
5
5
1093
5
5
2
2
9
2
2
2
2
9
2
2
2
2
9
2
2
2
2
9
2
2
2
2
9
2
2
2
2
9
2
2
2
2
972
5
5
5
5
1094
2
2
5
5
1115
5
5
5
5
1099
5
5
5
5
1107
5
5
5
5
1091
5
5
5
5
1091
5
5
5
5
1092
5
5
5
5
1103
5
5
2
5
1098
2
5
2
5
1098
2
5
2
5
1098
2
5
2
5
1098
2
5
2
5
1098
2
5
2
5
1098
2
5
2
5
1098
2
5
2
5
1106
2
5
5
5
1095
5
5
5
5
1091
5
5
5
5
1091
5
5
5
5
1091
5
5
5
5
1091
5
5
5
5
1102
5
5
5
5
1099
5
5
5
5
1099
5
5
5
5
1099
5
5
5
5
1099
5
5
5
5
1099
5
5
5
5
1099
5
5
5
5
1099
5
5
5
5
1099
5
5
5
5
1099
5
5
5
5
1107
5
5
5
5
1091
5
5
5
5
1091
5
5
5
5
1091
5
5
5
5
1091
5
5
5
5
1091
5
5
5
5
1091
5
5
5
5
1091
5
5
5
5
1091
5
5
5
5
1091
5
5
5
5
1091
5
5
5
5
1091
5
5
5
5
1091
5
5
5
5
1091
5
5
5
5
1091
5
5
5
5
1091
5
5
5
5
1091
5
5
5
5
1091
5
5
5
5
1091
5
5
5
5
1091
5
5
5
5
1091
5
5
5
5
1091
5
5
5
5
1091
5
5
5
5
1091
5
5
5
5
1091
5
5
5
5
1091
5
5
5
5
1091
5
5
5
5
1091
5
5
5
5
1091
5
5
5
5
1091
5
5
5
5
1091
5
5
5
5
1091
5
5
5
5
1091
5
5
5
5
1091
5
5
5
5
1091
5
5
5
5
1091
5
5
5
5
1091
5
5
5
5
1091
5
5
5
5
1091
5
5
5
5
1091
5
5
5
5
1091
5
5
5
5
1091
5
5
5
5
1091
5
5
5
5
1091
5
5
5
5
1091
5
5
5
5
1091
5
5
5
5
1091
5
5
5
5
1091
5
5
5
5
2
9
14
1134
10
14
1135
