0
6
11
18
19
61
40
73
52
26
14
7
93
97
12
3
2
12
16
21
56
42
68
20
46
8
7
89
95
32
38
48
82
11
26
66
42
9
14
82
70
14
93
13
112
103
96
100
11
27
103
94
84
102
103
25
85
87
87
110
14
76
83
103
27
30
24
70
60
65
10
59
71
94
30
84
99
62
27
88
89
67
94
63
91
0
0
0
0
0
0
0
0
0
0
0
0
0
0
0
0
0
0
0
0
0
0
0
0
0
0
0
0
0
0
0
0
0
0
0
0
0
0
0
0
0
0
0
0
0
0
0
0
0
0
0
0
0
0
0
0
0
0
0
0
0
0
0
0
0
0
0
0
0
0
0
0
0
0
0
0
0
0
0
0
0
0
0
0
0
0
0
0
0
0
0
0
0
0
0
0
0
0
0
0
0
0
0
0
0
0
0
0
0
0
0
0
0
0
0
0
0
0
0
0
0
0
0
0
0
0
0
0
0
0
0
0
0
0
0
0
0
0
0
0
0
0
0
0
0
0
0
0
0
0
0
0
0
0
0
0
0
0
0
0
0
0
0
0
0
0
0
0
0
0
0

