-1
1048576
0
2097152
0
2359296
0
2621440
0
3145728
0
3407872
0
3670016
1
3932160
0
4718592
0
4980736
0
5242880
0
5505024
0
5767168
0
6029312
0
6291456
0
6553600
0
6815744
0
7077888
0
7340032
0
7602176
0
8126464
0
8388608
0
8650752
0
8912896
0
9175040
0
9437184
0
9699328
0
9961472
0
10223616
0
10485760
0
10747904
0
11010048
0
11796480
0
12058624
0
12320768
0
12582912
0
12845056
0
13107200
0
13369344
0
13631488
0
13893632
0
14155776
0
14417920
0
14680064
0
14942208
0
15204352
0
16515072
0
16777216
0
17039360
0
17825792
0
18612224
0
19136512
0
19398656
0
20185088
0
20971520
0
21233664
1
21495808
1
22282240
1
22544384
0
22806528
0
23068672
0
23855104
0
24117248
0
24641536
0
24903680
0
25165824
0
25427968
0
25690112
0
25952256
0
26214400
0
26476544
0
26738688
0
27000832
0
27787264
0
28049408
0
28311552
0
28573696
0
28835840
0
29097984
0
29360128
0
29622272
0
30932992
0
31195136
0
31457280
0
31981568
0
32243712
0
33292288
0
35127296
0
35389440
0
35651584
0
35913728
0
36175872
0
36438016
0
36700160
0
36962304
0
37224448
0
37748736
0
38010880
0
38273024
0
38797312
0
39059456
0
39321600
0
40108032
0
40370176
0
40632320
0
41418752
0
43515904
0
43778048
0
44040192
0
44302336
0
44826624
0
45088768
0
45350912
0
46399488
0
47185920
0
47448064
0
