-1
1048576
8
2097152
32
2359296
14
2621440
3
3145728
8
3407872
7
3670016
65
3932160
0
4718592
0
4980736
0
5242880
0
5505024
1
5767168
2
6029312
4
6291456
2
6553600
6
6815744
0
7077888
1
7340032
0
7602176
2
8126464
7
8388608
4
8650752
0
8912896
0
9175040
0
9437184
0
9699328
3
9961472
4
10223616
0
10485760
1
10747904
2
11010048
4
11796480
2
12058624
3
12320768
0
12582912
0
12845056
0
13107200
0
13369344
0
13631488
0
13893632
0
14155776
0
14417920
0
14680064
0
14942208
0
15204352
0
16515072
14
16777216
2
17039360
3
17825792
3
18612224
25
19136512
7
19398656
10
20185088
74
20971520
59
21233664
1
21495808
10
22282240
1
22544384
5
22806528
1
23068672
1
23855104
1
24117248
1
24641536
0
24903680
1
25165824
1
25427968
1
25690112
1
25952256
1
26214400
1
26476544
0
26738688
1
27000832
0
27787264
0
28049408
0
28311552
0
28573696
0
28835840
0
29097984
0
29360128
0
29622272
0
30932992
0
31195136
0
31457280
1
31981568
0
32243712
0
33292288
0
35127296
0
35389440
0
35651584
0
35913728
0
36175872
0
36438016
0
36700160
0
36962304
0
37224448
0
37748736
0
38010880
0
38273024
0
38797312
0
39059456
0
39321600
0
40108032
0
40370176
0
40632320
0
41418752
0
43515904
0
43778048
0
44040192
0
44302336
0
44826624
0
45088768
0
45350912
0
46399488
1
47185920
0
47448064
0
