128
0
0,0,0,0,0,0,0,0,0,0,0,0
0
0
0,0,0,0,0,0,0,0,0,0,0,0
0
0
0,0,0,0,1,0,0,0,0,0,0,0
0
0
0,0,0,0,1,0,0,0,0,0,0,0
0
0
0,0,0,0,1,0,0,0,0,0,0,0
0
0
0,0,0,0,1,0,0,0,0,0,0,0
0
0
0,0,0,0,1,0,0,0,0,0,0,0
0
0
0,0,0,0,1,0,0,0,0,0,0,0
0
0
0,0,0,0,1,0,0,0,0,0,0,0
0
0
0,0,0,0,1,0,0,0,0,0,0,0
0
0
0,0,0,0,1,0,0,0,0,0,0,0
0
0
0,0,0,0,0,0,0,0,0,0,0,0
0
0
0,0,0,0,1,0,0,0,0,0,0,0
0
0
0,0,0,0,1,0,0,0,0,0,0,0
0
0
0,0,0,0,1,0,0,0,0,0,0,0
0
0
0,0,0,0,1,0,0,0,0,0,0,0
0
0
0,0,0,0,1,0,0,0,0,0,0,0
0
0
0,0,0,0,1,0,0,0,0,0,0,0
0
0
0,0,0,0,0,0,0,0,0,0,0,0
0
0
0,0,0,0,1,0,0,0,0,0,0,0
0
0
0,0,0,0,1,0,0,0,0,0,0,0
0
0
0,0,0,0,1,0,0,0,0,0,0,0
0
0
0,0,0,0,1,0,0,0,0,0,0,0
0
0
0,0,0,0,0,0,0,0,0,0,0,0
0
0
0,0,0,0,0,0,0,0,0,0,0,0
0
0
0,0,0,0,0,0,0,0,0,0,0,0
0
0
0,0,0,0,1,0,0,0,0,0,0,0
0
0
0,0,0,0,0,0,0,0,0,0,0,0
0
0
0,0,0,0,1,0,0,0,0,0,0,0
0
0
0,0,0,0,1,0,0,0,0,0,0,0
0
0
0,0,0,0,1,0,0,0,0,0,0,0
0
0
0,0,0,0,1,0,0,0,0,0,0,0
0
0
0,0,0,0,0,0,0,0,0,0,0,0
0
0
0,0,0,0,0,0,0,0,0,0,0,0
0
0
0,0,0,0,0,0,0,0,0,0,0,0
0
0
0,0,0,0,0,0,0,0,0,0,0,0
0
0
0,0,0,0,1,0,0,0,0,0,0,0
0
0
0,0,0,0,1,0,0,0,0,0,0,0
0
0
0,0,0,0,0,0,0,0,0,0,0,0
0
0
0,0,0,0,0,0,0,0,0,0,0,0
0
0
0,0,0,0,1,0,0,0,0,0,0,0
0
0
0,0,0,0,1,0,0,0,0,0,0,0
0
0
0,0,0,0,1,0,0,0,0,0,0,0
0
0
0,0,0,0,1,0,0,0,0,0,0,0
0
0
0,0,0,0,1,0,0,0,0,0,0,0
0
0
0,0,0,0,0,0,0,0,0,0,0,0
0
0
0,0,0,0,0,0,0,0,0,0,0,0
0
0
0,0,0,0,0,0,0,0,0,0,0,0
0
0
0,0,0,0,0,0,0,0,0,0,0,0
0
0
0,0,0,0,0,0,0,0,0,0,0,0
0
0
0,0,0,0,0,0,0,0,0,0,0,0
0
0
0,0,0,0,1,0,0,0,0,0,0,0
0
0
0,0,0,0,1,0,0,0,0,0,0,0
0
0
0,0,0,0,1,0,0,0,0,0,0,0
0
0
0,0,0,0,1,0,0,0,0,0,0,0
0
0
0,0,0,0,1,0,0,0,0,0,0,0
0
0
0,0,0,0,1,0,0,0,0,0,0,0
0
0
0,0,0,0,1,0,0,0,0,0,0,0
0
0
0,0,0,0,1,0,0,0,0,0,0,0
0
0
0,0,0,0,1,0,0,0,0,0,0,0
0
0
0,0,0,0,0,0,0,0,0,0,0,0
0
40
0,0,0,0,0,0,0,0,0,0,0,0
0
0
0,0,0,0,0,0,0,0,0,0,0,0
0
0
0,0,0,0,1,0,0,0,0,0,0,0
0
0
0,0,0,0,0,0,0,0,0,0,0,0
0
0
0,0,0,0,0,0,0,0,0,0,0,0
0
0
0,0,0,0,0,0,0,0,0,0,0,0
0
0
0,0,0,0,0,0,0,0,0,0,0,0
0
0
0,0,0,0,1,0,0,0,0,0,0,0
0
0
0,0,0,0,0,0,0,0,0,0,0,0
0
0
0,0,0,0,0,0,0,0,0,0,0,0
0
0
0,0,0,0,0,0,0,0,0,0,0,0
0
0
0,0,0,0,1,0,0,0,0,0,0,0
0
0
0,0,0,0,0,0,0,0,0,0,0,0
0
0
0,0,0,0,1,0,0,0,0,0,0,0
0
0
0,0,0,0,0,0,0,0,0,0,0,0
0
17
2,100,0,0,4,0,0,0,0,0,0,0
0
0
0,0,0,0,1,0,0,0,0,0,0,0
0
0
0,0,0,0,1,0,0,0,0,0,0,0
0
0
0,0,0,0,0,0,0,0,0,0,0,0
0
0
0,0,0,0,1,0,0,0,0,0,0,0
0
0
0,0,0,0,1,0,0,0,0,0,0,0
0
0
0,0,0,0,1,0,0,0,0,0,0,0
0
0
0,0,0,0,1,0,0,0,0,0,0,0
0
0
0,0,0,0,1,0,0,0,0,0,0,0
0
0
0,0,0,0,1,0,0,0,0,0,0,0
0
0
0,0,0,0,1,0,0,0,0,0,0,0
0
0
0,0,0,0,1,0,0,0,0,0,0,0
0
0
0,0,0,0,0,0,0,0,0,0,0,0
0
0
0,0,0,0,0,0,0,0,0,0,0,0
0
0
0,0,0,0,0,0,0,0,0,0,0,0
0
0
0,0,0,0,0,0,0,0,0,0,0,0
0
0
0,0,0,0,0,0,0,0,0,0,0,0
0
0
0,0,0,0,0,0,0,0,0,0,0,0
0
0
0,0,0,0,0,0,0,0,0,0,0,0
0
0
0,0,0,0,1,0,0,0,0,0,0,0
0
0
0,0,0,0,1,0,0,0,0,0,0,0
0
0
0,0,0,0,1,0,0,0,0,0,0,0
0
0
0,0,0,0,1,0,0,0,0,0,0,0
0
0
0,0,0,0,1,0,0,0,0,0,0,0
0
0
0,0,0,0,1,0,0,0,0,0,0,0
0
0
0,0,0,0,2,0,0,0,0,0,0,0
0
0
0,0,0,0,0,0,0,0,0,0,0,0
0
0
0,0,0,0,0,0,0,0,0,0,0,0
0
0
0,0,0,0,0,0,0,0,0,0,0,0
0
20
1,0,2,0,6,0,0,0,0,0,0,0
0
0
0,0,0,0,0,0,0,0,0,0,0,0
0
0
0,0,0,0,0,0,0,0,0,0,0,0
0
0
0,0,0,0,0,0,0,0,0,0,0,0
0
17
30,0,10,0,0,0,0,0,0,0,0,0
0
17
0,0,2,0,8,0,0,0,0,0,0,0
0
17
2,0,1,0,4,0,0,0,0,0,0,0
0
0
0,0,0,0,1,0,0,0,0,0,0,0
0
0
0,0,0,0,1,0,0,0,0,0,0,0
0
0
0,0,0,0,1,0,0,0,0,0,0,0
0
0
0,0,0,0,0,0,0,0,0,0,0,0
0
0
0,0,0,0,1,0,0,0,0,0,0,0
0
25
1,0,10,0,0,0,0,0,0,0,0,0
0
25
2,0,10,0,0,0,0,0,0,0,0,0
0
25
3,0,10,0,0,0,0,0,0,0,0,0
0
25
4,0,10,0,0,0,0,0,0,0,0,0
0
27
1,0,0,0,0,0,0,0,0,0,0,0
0
27
2,0,0,0,0,0,0,0,0,0,0,0
0
27
3,0,0,0,0,0,0,0,0,0,0,0
0
27
4,0,0,0,0,0,0,0,0,0,0,0
0
32
0,0,0,0,0,0,0,0,0,0,0,0
0
32
1,0,0,0,0,0,0,0,0,0,0,0
0
31
0,0,0,0,0,0,0,0,0,0,0,0
0
