00 01 01 01 01 01 01 01 01 01 01 00 00 00 00 00
00 01 21 15 01 01 00 00 00 00 01 01 01 01 00 00
00 01 01 23 13 00 00 01 01 21 00 11 22 01 00 00
00 01 01 01 01 15 01 01 01 01 13 01 01 01 01 00
00 01 25 00 01 00 22 13 11 00 21 01 00 24 01 00
00 01 00 00 00 01 01 00 00 01 01 00 00 00 01 00
00 01 01 01 00 15 21 11 00 23 11 00 01 01 01 00
00 00 00 01 00 00 15 01 01 11 00 00 01 00 00 00
00 00 00 01 01 01 00 01 01 23 01 01 01 00 00 00
00 00 00 00 00 01 01 01 01 01 01 00 00 00 00 00
00 00 00 00 00 00 00 00 00 00 00 00 00 00 00 00
-02-
00 00 00 00 00 00 02 02 02 02 00 00 00 00 00 00
00 00 00 00 00 00 02 00 22 02 00 00 00 00 00 00
00 00 00 00 00 00 02 23 22 02 00 00 00 00 00 00
00 00 02 00 00 00 02 15 23 02 00 00 00 02 00 00
00 00 02 00 00 00 02 23 15 02 00 00 02 02 00 00
00 00 02 25 02 00 02 15 21 02 00 02 24 02 00 00
00 00 02 11 13 02 02 13 11 02 02 23 13 02 00 00
00 00 00 02 15 11 21 23 15 15 11 15 02 00 00 00
00 00 00 00 02 02 22 23 22 23 02 02 00 00 00 00
00 00 00 00 00 02 02 02 02 21 99 00 00 00 00 00
00 00 00 00 00 00 00 00 00 99 00 00 00 00 00 00
-03-
10 10 10 10 10 10 10 00 22 10 10 10 10 10 10 10
10 00 06 00 06 00 06 00 00 07 00 06 00 06 21 10
10 05 10 04 10 04 10 05 05 10 05 10 05 10 04 10
10 00 07 00 07 00 06 00 00 06 00 06 00 07 00 10
10 05 10 04 10 05 10 04 04 10 05 10 05 10 04 10
10 00 06 00 06 00 07 15 24 07 00 07 00 07 00 10
10 05 10 05 10 05 10 04 11 10 04 10 04 10 04 10
10 00 06 23 06 00 13 11 25 07 00 07 23 06 00 10
10 05 10 04 10 05 10 05 05 10 04 10 05 10 04 10
10 00 07 00 06 00 07 00 00 07 00 07 00 07 00 10
10 10 10 10 10 10 10 10 10 10 10 10 10 10 10 10
-04-
22 23 07 07 07 07 13 15 00 22 21 06 06 06 06 00
15 15 15 15 03 03 23 03 03 00 07 07 07 07 07 05
15 15 15 15 07 07 13 00 13 21 03 03 03 03 03 05
00 15 15 15 03 03 03 00 00 03 03 15 15 15 25 05
23 00 00 00 06 06 00 06 00 15 15 15 03 03 03 05
03 13 03 03 03 03 23 03 03 15 03 03 24 13 15 11
03 15 15 00 23 03 23 06 03 13 03 03 03 03 03 05
03 23 15 15 23 03 07 04 03 15 11 11 21 23 03 05
03 15 15 15 23 03 04 03 03 03 00 11 22 22 03 05
03 15 15 23 23 03 04 03 22 11 21 04 23 23 03 05
03 03 03 03 03 03 04 06 06 23 06 21 06 06 06 06
-05-
00 00 00 00 00 00 00 00 00 00 00 00 00 00 00 00
00 00 00 00 00 00 00 21 00 00 00 00 00 00 00 00
08 11 11 11 11 11 11 11 11 11 11 11 11 11 08 99
00 08 11 23 13 13 15 21 15 22 15 11 21 08 00 00
00 00 08 15 21 15 22 15 13 15 22 13 08 00 00 00
00 00 00 08 13 23 13 21 15 11 13 08 00 00 00 00
00 00 00 00 08 13 11 15 13 23 08 00 00 00 00 00
00 00 00 00 00 08 15 24 11 08 00 00 00 00 00 00
00 00 00 00 00 00 08 11 08 00 00 00 00 00 00 00
00 00 00 00 00 00 00 25 00 00 00 00 00 00 00 00
00 00 00 00 00 08 08 08 08 08 08 00 00 00 00 00
-06-
00 01 01 01 01 01 00 00 00 00 01 01 01 01 01 00
00 01 25 01 21 01 00 00 00 00 01 22 00 00 01 00
00 01 11 01 13 01 00 00 00 00 01 11 00 00 01 00
00 01 00 01 00 01 01 01 01 01 01 00 01 21 01 00
00 01 00 00 00 13 00 00 00 01 13 11 00 00 01 00
00 01 00 00 00 01 24 00 00 00 00 01 00 00 01 00
00 01 15 15 15 00 01 01 01 01 13 00 11 00 01 00
00 01 00 00 00 01 00 00 00 15 00 01 00 00 01 00
00 01 23 00 00 15 23 11 00 01 22 11 00 23 01 00
00 01 01 01 01 01 01 01 01 01 01 01 01 01 01 00
00 00 00 00 00 00 00 00 00 00 00 00 00 00 00 00
-07-
07 07 07 07 15 21 00 02 22 23 00 15 00 11 00 00
04 02 02 02 02 02 22 13 02 02 02 00 00 11 02 00
04 00 00 02 05 06 00 00 00 00 00 00 00 02 00 11
02 21 04 02 05 21 02 02 02 04 02 02 02 00 00 13
21 02 04 22 05 13 13 00 00 00 00 00 00 00 00 21
13 00 00 22 05 00 00 02 00 05 00 11 00 00 02 13
22 15 00 11 05 02 00 00 00 05 02 13 02 00 02 11
21 02 00 11 05 06 06 06 06 00 15 22 02 00 02 13
23 11 13 06 06 02 23 11 11 00 02 23 02 00 02 15
02 02 02 00 00 21 02 02 02 02 00 02 23 00 02 24
25 11 15 21 00 00 00 15 00 00 00 00 15 00 02 23
-08-
24 00 00 00 00 00 00 00 21 00 23 10 00 06 00 00
10 10 10 10 10 10 10 10 10 00 10 00 00 10 23 00
10 00 21 11 07 22 13 23 10 00 10 00 00 00 11 00
10 22 15 23 22 11 15 15 10 00 15 00 00 00 10 00
10 13 11 11 15 15 11 21 10 10 10 10 10 10 10 00
10 07 07 07 07 07 07 13 15 07 07 07 15 25 10 00
10 23 13 21 22 13 13 22 10 10 10 10 10 10 10 00
10 13 13 11 13 22 13 13 10 00 00 00 00 00 00 00
10 11 22 21 07 11 21 13 10 00 10 00 00 10 00 00
10 10 10 10 10 10 15 10 10 00 00 10 00 00 10 00
00 00 00 00 00 00 00 00 00 00 00 00 00 00 00 00
-09-
00 03 24 11 11 11 00 11 00 00 00 06 06 06 06 06
21 00 03 03 03 22 11 00 11 21 21 21 00 00 00 04
03 00 00 11 00 03 03 03 03 03 03 03 03 03 13 00
25 03 00 00 00 11 21 11 11 11 00 07 07 05 03 00
15 03 03 03 21 11 21 11 03 11 11 04 06 05 03 00
13 15 13 15 03 13 21 03 23 03 23 11 00 06 03 00
03 03 03 00 00 03 00 03 13 21 03 03 00 03 00 00
23 22 23 22 00 00 03 11 00 03 22 15 00 15 00 00
03 03 03 03 03 00 03 00 03 00 03 03 00 03 03 03
21 00 06 06 06 00 03 00 00 00 00 00 00 03 05 23
07 07 23 07 07 00 00 00 00 00 00 00 00 00 07 04
-10-
25 15 15 15 15 15 15 15 15 15 15 15 15 15 15 15
05 07 07 07 07 11 11 11 11 11 07 07 07 07 07 05
05 24 15 11 11 13 13 11 11 11 11 11 15 23 06 05
05 15 11 11 13 13 11 11 11 11 11 11 11 15 04 05
05 11 11 11 11 11 11 11 11 11 11 11 11 11 00 05
05 11 11 11 11 11 11 11 11 11 11 11 11 11 21 05
05 11 11 11 11 11 11 11 11 11 11 11 11 11 21 05
23 23 11 11 11 11 11 11 11 11 11 11 11 21 21 05
23 23 23 11 11 11 11 11 11 11 11 11 21 21 21 05
07 07 07 00 21 21 21 21 21 21 21 21 06 06 06 06
00 00 00 00 00 00 00 00 00 00 00 00 00 00 00 00
-11-
01 01 01 01 01 01 01 01 01 01 01 01 07 07 07 24
00 00 23 23 11 00 15 01 00 00 23 23 22 01 05 15
21 01 01 01 01 01 05 01 01 01 23 01 01 01 05 01
22 01 00 00 00 00 00 00 00 00 00 00 00 01 05 01
22 01 01 01 01 01 00 01 01 01 00 00 00 00 06 01
22 01 11 11 11 11 11 06 06 01 00 00 00 01 00 01
00 13 13 01 01 01 01 01 04 01 00 01 01 01 00 01
00 00 13 13 21 21 21 07 04 01 00 00 00 00 00 01
00 01 01 01 01 01 01 01 01 01 00 01 01 01 01 01
00 01 01 01 21 22 23 15 15 15 15 15 13 01 01 01
00 01 01 01 25 01 01 01 01 01 01 01 21 01 01 01
-12-
00 00 00 00 00 00 00 00 00 00 00 00 00 00 00 00
00 02 02 02 02 02 02 02 02 02 02 05 02 02 02 00
00 02 23 05 06 13 02 13 00 15 00 15 23 15 02 00
23 02 00 06 04 04 02 02 00 05 11 23 11 21 02 00
21 02 15 11 02 04 06 02 00 05 23 15 13 22 02 00
15 02 21 15 22 02 00 00 00 05 00 02 00 05 02 00
04 02 11 11 11 00 00 02 15 05 00 02 00 05 02 00
00 02 21 11 15 02 00 02 21 06 00 22 00 11 02 00
00 02 21 11 02 00 00 06 00 07 07 07 02 25 02 00
00 02 02 13 02 02 02 02 02 02 02 02 02 02 02 00
00 00 00 00 24 02 00 21 00 00 00 00 00 00 11 00
-13-
21 13 00 00 00 11 00 11 22 10 00 10 00 11 21 10
10 11 10 11 10 15 10 10 11 00 00 00 00 10 00 00
10 23 10 00 21 00 21 11 06 10 11 10 10 10 11 21
15 15 00 00 00 00 00 00 06 23 21 10 00 23 15 15
22 10 10 10 10 10 10 10 10 10 10 10 05 04 06 07
25 24 00 13 00 13 13 00 23 21 13 22 00 23 00 23
22 10 10 10 10 10 10 10 10 11 10 10 05 05 06 04
15 00 00 00 00 00 00 00 06 00 21 10 22 23 15 11
21 10 00 00 00 00 00 11 06 10 15 10 10 10 11 00
11 10 10 11 10 15 10 10 11 00 00 00 00 10 00 22
21 00 00 00 00 11 21 11 21 10 23 23 21 13 00 10
-14-
03 25 05 21 06 22 06 13 05 21 05 11 06 21 06 00
11 04 11 04 15 04 22 06 15 04 23 07 21 07 11 05
04 13 06 22 05 13 06 22 07 22 07 15 05 13 05 22
21 06 11 04 15 07 23 04 15 05 11 06 15 06 23 05
05 23 04 21 04 22 05 22 04 21 04 22 05 15 06 21
13 04 22 04 23 06 00 07 23 06 11 06 21 07 15 05
05 13 06 22 06 22 07 11 05 00 05 23 05 22 06 11
23 05 11 06 13 06 21 06 11 06 21 07 13 07 21 04
05 23 04 24 06 23 04 00 05 11 06 00 05 13 05 23
15 04 15 06 23 05 11 06 21 05 21 05 22 04 11 05
07 21 07 11 04 21 04 00 04 11 04 13 06 22 06 15
-15-
22 00 00 00 00 00 13 00 00 00 11 13 11 21 13 23
00 15 08 13 08 15 08 11 04 00 08 11 08 00 08 15
11 22 08 23 08 00 08 22 04 00 08 00 08 00 08 00
00 00 08 21 08 00 08 00 04 11 08 00 08 00 08 22
15 15 00 08 22 00 08 00 04 15 08 00 08 00 08 00
08 15 08 13 08 00 08 00 25 24 08 00 08 13 08 00
08 21 08 22 08 00 08 13 05 15 08 00 00 00 08 00
00 08 08 21 08 00 08 11 05 00 08 00 08 13 08 00
00 13 08 11 08 00 08 00 05 13 08 00 08 00 08 11
08 22 08 00 08 11 08 00 05 21 08 13 08 11 08 00
00 00 00 00 00 00 00 00 00 00 11 00 00 00 00 00
-16-
15 00 00 15 00 00 00 00 01 00 21 11 22 11 23 00
00 00 00 01 15 01 01 15 00 00 01 01 01 05 00 11
00 00 00 00 00 15 00 00 00 01 00 00 00 23 01 23
00 01 07 07 07 07 07 01 01 00 00 00 01 21 01 13
00 01 04 07 07 07 15 23 07 13 00 15 01 22 01 25
00 01 04 04 00 01 00 01 00 01 00 15 01 05 01 01
00 00 00 00 01 21 00 00 00 00 01 00 06 00 00 00
01 01 01 00 11 00 00 15 00 00 00 00 01 04 01 00
00 00 00 15 01 00 00 00 00 00 01 00 00 00 01 00
24 01 04 01 23 01 01 01 01 01 21 01 01 01 00 00
11 00 00 00 00 21 00 11 00 00 00 00 00 00 00 00
-17-
00 00 00 00 00 00 00 00 00 00 00 00 00 00 00 00
00 00 00 00 00 00 02 02 02 02 02 00 00 00 00 00
00 00 00 00 02 02 22 21 11 23 15 02 02 00 00 00
00 00 00 02 15 11 22 13 11 11 15 15 23 02 00 00
00 00 02 15 13 02 15 13 21 11 11 11 15 21 02 00
00 00 02 13 13 02 15 13 13 11 11 11 15 11 02 00
00 02 13 13 13 02 13 13 13 11 21 15 22 15 23 02
00 02 11 11 15 21 02 24 11 11 11 11 11 11 15 02
00 02 02 02 00 02 02 02 02 02 02 02 02 02 02 02
00 00 22 22 00 23 22 23 00 00 00 00 00 00 00 00
00 00 23 02 00 21 02 23 00 00 00 00 00 00 00 25
-18-
10 23 15 23 15 15 15 15 15 23 11 21 10 10 10 10
10 15 13 22 15 21 10 11 10 10 23 23 13 11 21 10
10 21 11 21 15 10 23 15 15 10 23 15 21 22 11 10
10 11 11 10 10 23 15 15 15 23 10 21 13 15 23 10
10 11 10 21 15 22 13 15 11 21 10 22 15 15 11 10
10 21 11 10 00 13 13 23 11 13 10 11 13 13 23 10
10 10 11 10 23 10 22 00 21 10 24 15 21 11 13 10
10 10 11 10 10 10 10 10 10 10 10 10 10 10 10 10
10 23 15 21 23 13 23 13 15 15 13 23 13 11 13 10
10 15 22 13 15 11 15 15 23 21 15 22 15 11 11 10
10 23 15 21 11 13 11 22 13 15 23 13 13 11 25 10
-19-
03 03 03 03 03 03 03 03 03 03 03 03 03 03 03 03
03 00 21 03 21 11 21 23 00 00 00 00 00 13 25 03
03 11 11 03 21 03 03 03 03 03 03 03 03 03 15 03
03 22 13 03 21 11 11 11 13 22 11 00 00 00 21 03
03 22 23 03 00 03 03 03 03 03 03 03 03 03 21 03
03 13 15 03 13 11 11 11 15 24 11 11 21 15 13 03
03 23 21 03 22 03 03 03 03 03 03 03 03 03 13 03
03 11 15 03 23 15 23 13 23 21 23 22 13 23 22 03
03 11 22 03 11 03 03 03 03 03 03 03 03 03 15 03
03 11 13 21 13 21 21 15 15 15 23 15 21 11 23 03
03 03 03 03 03 03 03 03 03 03 03 03 03 03 03 03
-20-
00 00 00 00 00 00 00 08 00 00 00 00 00 00 00 00
00 00 00 00 00 00 08 00 08 00 00 00 00 00 00 00
00 00 00 00 00 08 23 21 11 08 00 00 00 00 00 00
00 08 08 08 08 22 11 13 15 13 08 08 08 08 00 00
00 00 08 23 13 15 21 11 22 11 15 22 08 00 00 00
00 00 00 08 11 22 11 13 13 21 13 08 00 00 00 00
00 00 00 00 08 13 21 21 23 13 08 00 00 00 00 00
00 00 00 08 11 15 08 08 08 23 15 08 00 00 00 00
00 00 08 24 23 08 00 00 00 08 13 25 08 00 00 00
00 08 08 08 08 00 00 00 00 00 08 08 08 08 00 00
00 00 00 00 00 00 00 00 00 00 00 00 00 00 00 00
-21-
01 01 01 01 01 01 01 00 00 00 01 01 01 01 00 00
25 11 21 11 21 22 01 00 00 01 11 15 21 05 01 00
01 01 11 01 01 15 01 00 01 13 23 01 01 00 24 01
01 00 00 01 00 22 01 00 01 00 01 21 11 01 00 01
01 01 01 01 00 01 01 01 01 00 01 11 21 01 00 01
01 00 11 21 00 00 00 00 00 00 01 01 13 01 00 01
01 00 01 01 01 01 01 01 01 00 00 01 00 00 00 01
01 00 00 00 00 00 01 01 01 00 01 01 01 01 21 01
01 00 01 01 01 00 01 00 01 00 00 01 00 11 11 01
01 00 23 01 21 00 01 00 00 01 13 23 22 00 01 00
01 01 01 01 01 01 01 00 00 00 01 01 01 01 00 00
-22-
25 02 02 00 00 13 00 00 13 15 00 00 02 02 02 02
15 02 00 22 02 02 02 05 02 00 02 00 00 00 00 02
00 07 00 02 22 22 13 22 00 06 22 06 06 02 13 02
00 07 00 02 13 02 02 02 05 23 02 07 04 13 22 02
00 07 00 07 00 00 00 00 00 00 13 00 00 02 13 02
00 07 13 02 00 02 02 02 02 02 00 02 00 02 00 02
00 07 22 02 00 13 00 21 15 13 00 02 02 02 22 00
00 07 13 00 02 02 02 02 02 02 00 23 00 02 22 00
00 07 00 13 00 22 00 00 00 00 00 02 23 07 22 00
00 02 07 07 04 02 04 04 02 02 02 23 11 02 22 00
24 13 00 00 00 15 13 13 22 22 00 11 00 13 00 02
-23-
21 22 23 23 11 00 00 00 10 23 22 21 11 00 11 22
10 10 10 10 10 00 10 00 10 13 10 10 10 00 10 10
22 21 23 13 00 00 10 00 00 13 00 21 00 00 00 10
10 10 10 10 00 10 10 10 10 10 00 10 10 00 00 10
23 11 00 00 00 00 00 00 07 21 00 00 00 00 10 25
05 10 10 00 10 22 10 10 10 10 10 00 00 00 10 23
00 00 00 00 10 10 00 00 00 00 00 00 10 05 23 23
10 04 00 11 00 00 06 10 13 10 05 10 10 05 23 23
21 21 10 00 00 00 00 00 21 13 00 00 10 05 15 13
10 00 10 10 10 10 15 10 13 10 10 10 00 05 21 11
24 13 06 11 00 00 00 06 00 00 00 00 00 00 13 22
-24-
03 03 03 00 00 00 00 00 06 00 13 22 13 21 23 03
03 00 00 00 03 15 03 11 03 03 00 11 03 03 11 22
03 03 11 03 13 00 03 00 00 00 00 03 21 13 11 13
03 25 00 07 24 06 03 23 03 03 00 00 15 03 00 03
03 00 03 03 03 03 03 00 00 00 03 00 03 00 15 21
23 05 22 22 03 00 03 11 03 00 03 00 00 00 03 03
11 00 11 22 13 00 00 00 03 00 03 05 03 03 03 23
03 00 03 03 03 04 03 03 03 05 03 00 11 00 13 00
03 00 13 23 00 00 00 15 03 00 03 03 03 00 03 03
03 00 00 15 03 21 03 21 03 00 03 00 00 00 15 21
03 21 03 07 00 00 00 11 00 00 13 00 03 00 03 21
-25-
00 00 00 00 15 22 23 21 13 23 00 00 13 21 08 25
08 08 00 08 08 08 08 08 08 08 08 00 08 08 00 00
00 00 00 00 00 15 00 00 00 08 00 00 08 15 00 08
08 00 04 08 08 08 13 00 00 00 00 08 08 00 08 22
24 08 00 00 21 00 13 08 00 00 00 08 21 21 08 11
23 11 15 00 08 08 08 08 00 08 08 08 15 13 08 22
00 06 00 08 22 21 00 00 00 07 00 00 00 00 00 15
00 08 08 23 08 08 08 08 13 08 15 08 08 08 08 00
13 08 22 00 00 00 00 00 00 00 00 00 00 00 00 00
21 22 08 00 08 08 08 08 08 08 08 08 00 08 08 15
22 07 11 00 13 23 21 08 11 15 00 00 00 08 22 11
-26-
00 00 00 11 22 23 11 22 01 22 06 13 06 00 00 00
01 00 00 01 01 01 04 01 22 00 01 23 07 21 01 00
21 01 00 00 00 00 00 00 01 15 05 01 01 01 00 00
13 00 00 01 01 01 01 21 07 00 00 00 00 00 00 00
00 00 01 24 01 23 11 01 00 00 00 00 00 00 00 00
00 06 23 15 01 01 00 00 01 00 01 01 01 21 11 01
00 21 01 00 07 13 06 00 07 00 00 00 00 01 00 23
01 13 01 00 01 07 13 00 01 01 01 01 00 01 01 01
01 15 01 21 01 21 01 04 01 21 00 00 00 11 00 11
01 13 01 13 01 04 01 00 06 00 01 15 01 21 01 21
01 25 01 00 06 13 00 00 01 11 01 22 01 22 01 22
-27-
15 02 02 02 02 02 00 23 00 00 00 11 21 15 22 00
23 00 23 21 00 11 00 21 02 00 02 00 02 02 02 11
05 05 15 23 00 00 02 02 02 11 02 11 23 13 13 00
05 05 02 23 02 21 00 00 02 22 00 02 02 04 00 00
15 05 02 23 02 02 11 07 07 05 07 00 00 05 13 04
21 05 02 25 02 21 02 21 02 22 02 00 00 05 21 04
05 05 02 21 02 21 21 21 02 13 02 02 13 05 22 04
05 23 21 21 00 11 21 21 00 13 06 00 05 07 07 04
11 00 15 00 21 21 21 21 21 21 06 24 22 02 02 00
00 05 21 11 22 13 13 13 02 02 02 02 02 02 02 00
07 00 13 22 13 07 00 00 00 00 00 00 00 00 00 00
-28-
00 00 00 00 00 10 10 10 10 00 05 06 06 22 06 00
05 06 06 06 06 06 21 13 00 00 13 23 13 21 22 05
05 00 00 04 10 10 10 10 10 00 07 13 07 05 10 05
05 00 00 22 06 06 06 13 06 00 10 23 10 05 10 22
05 10 10 10 10 10 10 10 10 00 10 13 10 15 10 05
13 10 21 06 06 06 06 13 06 00 21 15 23 06 00 05
24 10 11 07 07 07 07 15 07 11 10 05 10 23 11 05
05 10 23 06 06 06 15 22 11 00 00 00 00 00 00 13
05 10 05 10 10 10 10 10 10 00 10 10 10 10 10 22
00 15 11 21 11 21 23 11 11 00 10 10 10 10 10 15
10 25 10 10 10 10 10 10 10 00 15 11 15 21 10 22
-29-
00 03 00 00 00 03 03 03 03 03 00 00 00 00 03 00
03 03 03 00 03 11 22 15 11 21 03 00 00 03 03 03
00 03 00 03 21 13 11 23 11 13 15 03 00 00 03 00
00 00 03 15 15 11 03 03 03 21 15 21 03 00 00 00
00 00 03 15 21 03 21 11 23 03 11 13 03 00 00 00
00 00 03 24 13 03 00 25 15 23 15 11 03 00 00 00
00 00 03 13 23 03 21 11 22 03 11 23 03 00 00 00
00 00 03 23 13 15 03 03 03 11 22 15 03 00 00 00
00 03 00 03 21 23 11 13 11 23 11 03 00 00 03 00
03 03 03 00 03 15 21 15 22 13 03 00 00 03 03 03
00 03 00 00 00 03 03 03 03 03 00 00 00 00 03 00
-30-
00 00 00 00 00 00 08 08 08 00 00 00 00 00 00 00
00 00 00 00 00 08 11 23 21 08 00 00 00 00 00 00
00 00 00 00 00 08 13 13 11 08 00 00 00 00 00 00
00 00 08 08 08 08 23 13 11 08 08 08 08 00 00 00
00 08 00 11 15 21 15 23 13 15 11 13 21 08 00 00
00 08 24 15 11 11 15 21 11 22 11 13 25 08 00 00
00 00 08 08 08 08 23 13 22 08 08 08 08 00 00 00
00 00 00 00 00 08 13 15 11 08 00 00 00 00 00 00
00 00 00 00 00 08 11 21 15 08 00 00 00 00 00 00
00 00 00 00 00 08 23 00 22 08 00 00 00 00 00 00
00 00 00 00 00 00 08 08 08 00 00 00 00 00 00 00
-31-
00 00 00 00 00 41 41 41 41 41 41 00 00 00 00 00
00 00 00 00 41 24 13 13 22 22 22 41 00 00 00 00
00 00 00 41 13 41 13 41 13 13 13 22 41 00 00 00
00 00 00 41 13 41 13 41 13 13 13 22 41 00 00 00
00 00 00 41 13 41 13 41 13 13 13 22 41 00 00 00
00 00 00 41 13 13 13 13 13 13 13 13 41 00 00 00
00 00 00 41 13 41 41 41 13 41 41 22 41 00 00 00
00 00 41 13 13 13 25 13 41 13 13 22 41 41 00 00
00 00 00 41 13 13 13 13 13 41 41 00 00 00 41 00
00 00 00 00 41 41 22 22 22 13 13 13 41 41 00 00
00 00 00 00 00 00 41 41 41 41 41 41 00 00 00 00
-32-
41 00 11 23 15 00 00 00 41 11 13 23 13 13 13 07
00 21 41 41 23 15 41 00 41 11 22 11 23 13 13 07
00 41 24 21 41 22 41 00 41 41 41 15 11 23 13 07
00 06 06 21 13 00 07 22 07 07 07 00 15 11 23 07
11 41 23 15 41 00 41 41 41 41 41 00 11 23 13 07
21 00 41 41 23 15 41 15 15 15 22 11 23 13 13 07
41 23 11 21 13 41 05 23 11 11 13 23 13 21 13 07
41 41 41 41 41 41 05 41 41 41 41 41 41 41 41 00
00 00 00 41 15 22 00 23 15 00 00 00 00 22 41 00
00 00 00 41 15 23 21 00 15 41 41 41 41 00 41 00
00 00 00 41 15 23 23 22 13 15 15 11 15 13 15 25
-33-
00 00 00 00 00 00 00 00 00 00 00 00 00 00 00 00
00 00 00 00 00 00 00 00 00 00 00 00 00 00 00 00
00 00 00 00 00 00 00 41 41 00 00 00 00 00 00 00
00 00 00 00 00 00 41 24 13 41 00 00 00 00 00 00
00 00 00 00 00 41 13 13 13 13 41 00 00 00 00 00
00 00 00 00 41 13 13 11 13 13 13 41 00 00 00 00
00 00 00 41 21 11 11 21 11 11 11 21 41 00 00 00
00 00 41 15 13 21 11 22 23 22 21 11 21 41 00 00
00 41 25 15 21 13 13 13 11 21 11 21 00 00 41 00
00 41 41 41 41 41 41 41 41 41 41 41 41 41 41 00
00 00 00 00 00 00 00 00 00 00 00 00 00 00 00 00
-34-
00 00 00 00 00 00 41 41 41 41 41 00 00 00 00 00
00 00 00 00 00 00 41 00 23 23 41 00 00 00 00 00
00 00 00 41 41 41 41 00 07 23 41 41 41 41 00 00
00 00 00 41 21 11 11 15 07 15 00 11 11 41 00 00
00 00 00 41 21 11 11 15 07 15 15 11 25 41 00 00
00 00 00 41 41 41 21 00 07 21 21 41 41 41 00 00
00 00 00 00 00 00 41 22 07 13 41 00 00 00 00 00
00 00 00 00 00 00 41 22 07 13 41 00 00 00 00 00
00 00 00 00 00 00 41 22 07 11 41 00 00 00 00 00
00 00 00 00 00 00 41 23 07 13 41 00 00 00 00 00
00 00 00 00 00 00 41 22 07 24 41 00 00 00 00 00
-35-
00 00 00 00 00 00 00 00 00 00 00 00 00 00 00 00
00 00 41 41 41 41 41 00 00 41 41 41 41 41 00 00
00 00 41 11 15 21 11 41 41 15 22 13 24 41 00 00
00 00 41 21 23 11 21 11 11 11 11 23 13 41 00 00
00 00 41 11 00 21 11 41 41 21 23 23 22 41 00 00
00 00 41 41 04 41 41 21 21 41 41 05 41 41 00 00
00 00 00 41 21 06 00 00 00 00 06 00 41 00 00 00
00 00 41 41 41 41 41 41 41 41 41 00 41 41 00 00
00 00 41 25 13 15 22 11 15 22 15 00 00 41 00 00
00 00 41 41 41 41 41 41 41 41 41 41 41 41 00 00
00 00 00 00 00 00 00 00 00 00 00 00 00 00 00 00
-36-
00 00 00 00 00 00 00 00 00 00 00 00 00 00 00 00
00 00 00 00 00 00 00 41 41 00 00 00 00 00 00 00
00 00 00 00 00 41 41 15 22 41 41 00 00 00 00 00
00 00 00 41 41 13 22 13 11 11 21 41 41 00 00 00
00 00 41 13 22 13 13 13 21 11 11 11 11 41 00 00
00 41 25 13 13 23 15 15 15 11 22 11 11 24 41 00
00 41 41 41 41 22 15 15 23 11 11 41 41 41 41 00
00 00 00 00 41 15 15 21 15 11 21 41 00 00 00 00
00 00 00 00 41 15 23 15 21 15 11 41 00 00 00 00
00 00 00 00 41 15 15 15 15 15 15 41 00 00 00 00
00 00 00 00 41 00 00 23 23 23 21 41 00 00 00 00
-37-
00 00 00 00 00 00 00 00 00 00 00 00 00 00 00 00
00 00 00 00 00 00 00 00 00 00 00 00 00 00 00 00
00 00 42 42 13 42 42 22 42 42 42 13 42 00 00 00
00 00 42 21 22 15 42 23 42 13 13 22 42 00 00 00
00 00 42 15 15 11 07 21 42 13 24 23 42 00 00 00
00 00 42 00 00 00 06 23 07 22 21 21 42 00 00 00
00 00 42 42 42 42 42 23 42 42 42 42 42 00 00 00
00 00 00 00 00 42 11 11 11 42 00 00 00 00 00 00
00 00 00 00 00 42 13 42 15 42 00 00 00 00 00 00
00 00 00 00 00 42 00 42 25 42 00 00 00 00 00 00
00 00 00 00 00 42 42 42 42 42 00 00 00 00 00 00
-38-
00 00 00 00 00 00 00 00 00 00 00 00 00 00 00 00
00 00 00 00 00 00 00 42 00 00 00 00 00 00 00 00
00 00 00 00 00 00 42 13 42 00 00 00 00 00 00 00
00 00 00 42 42 42 23 11 15 42 42 42 00 00 00 00
00 00 00 42 13 11 15 13 15 23 11 42 00 00 00 00
00 00 00 00 42 21 11 00 21 15 42 00 00 00 00 00
00 00 00 00 00 42 22 15 11 42 00 00 00 00 00 00
00 00 00 00 42 13 22 42 21 15 42 00 00 00 00 00
00 00 00 42 24 22 42 00 42 07 25 42 00 00 00 00
00 00 00 42 42 42 00 00 00 42 42 42 00 00 00 00
00 00 00 00 00 00 00 00 00 00 00 00 00 00 00 00
-39-
00 00 42 42 42 42 42 00 00 42 42 42 42 42 00 00
00 00 42 00 23 21 42 00 00 42 22 22 24 42 00 00
00 00 42 00 00 23 42 00 00 42 22 22 22 42 00 00
00 00 42 22 00 22 42 00 00 42 15 22 22 42 00 00
00 00 42 22 23 23 42 00 00 42 22 23 13 42 00 00
00 00 42 15 15 15 42 00 00 42 15 15 15 42 00 00
00 00 42 15 15 15 42 00 00 42 15 15 15 42 00 00
00 00 00 42 15 11 11 42 42 11 11 11 42 00 00 00
00 00 00 42 21 21 21 11 11 21 21 23 42 00 00 00
00 00 00 00 42 11 11 23 13 11 25 42 00 00 00 00
00 00 00 00 00 42 42 42 42 42 42 00 00 00 00 00
-40-
00 00 00 00 00 00 00 00 00 00 00 00 00 00 00 00
00 42 42 42 42 42 00 00 00 00 42 42 42 42 42 00
00 42 22 11 11 11 42 00 00 42 11 11 11 22 42 00
00 42 42 42 42 23 15 42 42 15 23 42 42 42 42 00
00 42 21 15 15 23 15 04 04 23 15 15 21 15 42 00
00 42 15 23 21 15 15 07 24 00 13 15 15 15 42 00
00 42 23 15 15 15 23 05 05 13 15 21 23 13 42 00
00 42 15 15 21 23 15 42 42 13 15 21 23 13 42 00
00 42 00 00 00 00 42 00 00 42 23 21 13 25 42 00
00 42 42 42 42 42 00 00 00 00 42 42 42 42 42 00
00 00 00 00 00 00 00 00 00 00 00 00 00 00 00 00
-41-
11 21 11 21 00 42 24 15 11 00 07 00 11 22 21 11
11 11 11 11 21 42 15 21 11 21 42 11 13 21 23 11
11 11 11 11 11 42 15 11 15 23 42 22 13 11 13 15
23 11 21 11 11 42 23 15 23 11 42 23 11 13 22 11
00 21 11 11 21 42 15 23 15 00 42 15 11 21 11 00
05 42 42 42 42 42 42 42 42 04 42 42 42 42 42 05
00 15 23 15 23 42 13 21 13 13 42 22 15 23 11 00
11 23 15 23 21 42 13 11 22 13 42 11 23 15 11 15
21 11 23 15 23 42 22 13 13 23 42 21 11 11 22 21
11 22 11 23 21 42 11 13 22 13 42 13 13 11 11 13
23 11 21 11 23 07 00 13 21 13 42 25 13 11 15 15
-42-
00 23 15 21 13 21 15 23 15 21 15 21 15 21 15 22
24 15 23 13 22 13 23 15 23 15 21 15 21 15 15 15
00 21 15 23 13 23 15 21 15 42 15 21 15 21 15 21
00 15 21 15 23 15 21 15 23 15 21 15 21 15 15 15
00 21 15 21 15 21 15 21 15 23 15 21 15 23 15 21
00 15 15 15 23 15 21 15 21 15 21 15 42 42 15 15
00 23 15 00 15 21 15 21 13 23 15 23 15 23 15 21
00 15 21 15 23 15 21 13 22 13 23 15 21 13 21 15
00 21 15 23 15 23 15 21 13 21 15 21 13 22 13 21
13 15 23 15 21 15 23 15 21 15 21 15 21 13 21 15
25 13 15 23 15 21 15 00 15 21 15 21 15 21 15 21
-43-
00 00 00 00 00 00 00 00 00 00 00 00 00 00 00 00
00 00 00 00 00 00 00 00 00 00 00 00 00 00 00 00
00 00 00 00 00 00 43 43 43 43 00 00 00 00 00 00
00 00 00 00 00 00 43 24 15 43 00 00 00 00 00 00
00 00 00 00 00 00 43 15 23 43 00 00 00 00 00 00
00 00 00 00 00 00 43 15 15 43 00 00 00 00 00 00
00 00 43 43 43 43 23 13 11 21 43 43 43 43 00 00
00 00 43 25 11 11 15 22 13 13 00 00 00 43 00 00
00 00 00 43 21 11 22 22 13 22 00 00 43 00 00 00
00 00 00 00 43 11 21 22 22 22 00 43 00 00 00 00
00 00 00 00 00 43 43 43 43 43 43 00 00 00 00 00
-44-
00 00 00 00 00 00 00 00 00 00 00 00 00 00 00 00
00 00 00 00 43 43 43 43 43 43 43 43 00 00 00 00
00 00 00 43 11 11 11 07 07 11 11 11 43 00 00 00
00 00 43 00 21 21 21 07 07 21 21 21 24 43 00 00
00 00 43 11 21 22 22 07 07 22 22 21 11 43 00 00
00 00 43 11 21 22 22 07 07 22 22 21 11 43 00 00
00 00 43 11 21 43 43 43 43 43 43 21 11 43 00 00
00 00 43 11 21 43 13 43 43 13 43 21 11 43 00 00
00 00 43 11 21 22 43 13 13 43 13 21 11 43 00 00
00 00 43 13 21 22 22 43 43 22 21 21 11 43 00 00
00 00 43 25 13 11 11 06 06 11 11 11 11 43 00 00
-45-
00 00 00 00 00 00 00 00 00 00 00 00 00 00 00 00
00 00 43 43 43 43 43 43 43 43 43 43 43 43 43 00
00 00 43 24 13 06 15 00 23 00 00 06 23 15 43 00
00 00 43 43 00 43 11 00 00 00 11 43 13 23 43 00
00 00 00 43 00 43 23 43 43 43 00 43 22 15 43 00
00 00 00 43 05 43 15 43 25 43 23 43 11 11 43 00
00 00 00 43 15 43 21 22 15 13 22 43 21 21 43 00
00 00 43 43 00 43 43 43 43 43 43 43 11 11 43 00
00 00 43 00 00 00 00 00 00 00 00 00 00 21 43 00
00 00 43 43 43 43 43 43 43 43 43 43 43 43 43 00
00 00 00 00 00 00 00 00 00 00 00 00 00 00 00 00
-46-
00 00 00 00 00 00 00 00 00 00 00 00 00 00 00 00
00 43 43 43 43 43 43 43 43 43 43 43 43 43 43 00
00 43 21 00 00 00 11 22 00 13 22 00 11 24 43 00
00 43 43 04 43 43 43 43 43 43 05 43 43 43 43 00
00 43 22 11 00 00 11 00 21 15 13 22 00 23 43 00
00 43 43 43 43 04 43 43 05 43 43 43 04 43 43 00
00 43 21 23 00 00 15 11 23 00 00 15 13 21 43 00
00 43 43 04 43 43 43 05 43 43 43 05 43 43 43 00
00 43 00 00 23 15 22 00 13 15 23 00 15 25 43 00
00 43 43 43 43 43 43 43 43 43 43 43 43 43 43 00
00 00 00 00 00 00 00 00 00 00 00 00 00 00 00 00
-47-
00 00 43 43 23 21 43 43 43 21 24 43 22 15 00 00
00 00 43 00 43 21 43 00 00 11 43 00 43 15 06 04
00 00 43 43 00 00 43 43 43 00 43 43 43 15 06 00
00 00 43 00 00 00 43 00 00 11 43 23 43 15 06 00
00 00 43 11 11 11 43 43 43 00 43 11 43 15 06 05
00 00 00 00 00 11 00 11 00 11 00 00 00 00 00 00
00 43 43 00 43 21 43 00 43 21 43 11 43 43 00 00
43 21 11 00 43 21 43 00 43 21 43 00 43 00 43 13
43 23 11 00 43 43 43 00 43 00 43 00 43 43 00 00
43 00 11 00 43 00 43 00 43 00 43 00 43 25 00 00
00 43 43 21 43 00 43 23 43 43 43 23 43 00 00 00
-48-
00 00 00 00 00 00 00 00 00 00 00 00 00 00 00 00
00 00 00 04 04 04 04 00 00 00 00 00 00 00 00 00
00 00 00 06 00 21 07 00 00 00 00 00 00 00 00 00
00 00 00 06 00 21 07 04 04 04 04 04 04 00 00 00
00 00 00 06 00 00 11 23 11 22 11 11 07 00 00 00
00 00 00 06 11 15 23 13 15 15 13 21 07 00 00 00
00 00 00 06 15 13 23 24 23 13 23 23 07 00 00 00
00 00 00 06 05 05 05 05 05 06 23 23 07 00 00 00
00 00 00 00 00 00 00 00 00 06 23 25 07 00 00 00
00 00 00 00 00 00 00 00 00 05 05 05 07 00 00 00
00 00 00 00 00 00 00 00 00 00 00 00 00 00 00 00
-49-
00 00 00 00 00 00 00 00 00 00 00 00 00 00 00 00
00 00 00 00 00 00 00 44 44 00 00 00 00 00 00 00
00 00 00 00 00 00 44 22 15 44 00 00 00 00 00 00
00 00 00 00 00 00 44 15 15 44 00 00 00 00 00 00
00 00 00 00 44 44 15 21 15 23 44 44 00 00 00 00
00 00 00 44 15 23 23 15 15 11 15 15 44 00 00 00
00 00 00 44 15 15 00 23 15 11 15 25 44 00 00 00
00 00 00 00 44 44 15 15 13 15 44 44 00 00 00 00
00 00 00 00 00 00 44 15 23 44 00 00 00 00 00 00
00 00 00 00 00 00 44 15 24 44 00 00 00 00 00 00
00 00 00 00 00 00 00 44 44 00 00 00 00 00 00 00
-50-
44 00 00 00 00 00 00 00 00 00 00 00 13 15 25 44
00 44 05 44 00 00 00 00 00 00 00 00 44 04 44 00
23 00 11 00 44 05 00 44 44 00 04 44 00 15 00 23
13 44 00 00 00 00 44 00 00 44 00 00 00 00 44 00
13 00 07 00 00 07 00 00 22 00 06 00 00 06 00 13
00 44 00 00 00 00 06 13 00 07 00 00 00 00 44 00
00 06 00 00 00 00 44 00 00 44 00 00 00 00 07 00
11 11 15 00 44 00 00 44 44 00 00 44 00 13 13 13
22 11 21 44 11 04 13 15 15 11 05 13 44 13 13 13
22 44 11 11 00 00 00 21 00 00 00 00 11 11 44 00
44 22 11 00 00 00 00 00 00 00 00 00 00 13 24 44
-51-
04 00 06 00 05 00 06 00 05 00 06 00 07 00 07 00
00 06 00 04 00 05 00 06 00 07 00 04 00 05 00 04
00 00 44 44 44 44 06 00 05 00 05 00 06 00 06 00
00 44 00 07 00 44 00 07 00 07 00 05 00 05 00 06
00 44 05 00 04 44 44 44 44 44 44 00 06 00 04 00
00 44 00 07 00 04 00 06 00 04 44 05 00 05 00 04
00 44 05 00 05 00 07 00 07 00 44 00 06 00 06 00
24 44 00 04 00 05 00 04 00 06 44 44 44 44 44 00
00 44 04 00 05 00 04 00 07 00 00 00 00 00 00 00
00 00 44 44 44 44 44 44 44 44 44 44 44 44 44 44
00 00 00 00 00 00 00 00 00 00 00 00 00 00 00 25
-52-
00 00 00 00 00 00 00 00 00 00 00 00 00 00 00 00
00 00 00 00 00 00 00 00 00 00 00 00 00 00 00 00
00 00 00 44 44 44 44 44 44 44 44 44 44 00 00 00
00 00 00 44 23 15 21 11 11 11 22 13 44 00 00 00
00 00 00 44 21 15 23 11 13 11 22 13 44 00 00 00
00 00 00 07 23 15 21 13 24 13 23 13 07 25 00 00
00 00 00 44 23 15 21 11 13 11 23 13 44 00 00 00
00 00 00 44 23 15 23 13 13 13 23 13 44 00 00 00
00 00 00 44 44 44 44 44 44 44 44 44 44 00 00 00
00 00 00 00 00 00 00 00 00 00 00 00 00 00 00 00
00 00 00 00 00 00 00 00 00 00 00 00 00 00 00 00
-53-
00 00 00 00 00 00 00 00 00 00 00 00 00 00 00 00
00 00 00 00 00 00 00 00 44 44 44 00 00 00 00 00
00 00 00 00 00 00 00 00 44 00 44 00 00 00 00 00
00 00 00 00 44 44 44 44 44 00 44 44 00 00 00 00
00 00 00 44 11 11 22 11 22 21 23 11 44 00 00 00
00 00 44 21 13 11 15 11 13 11 15 22 13 44 00 00
00 44 44 44 22 13 21 11 21 13 21 13 44 44 44 00
00 00 00 44 13 15 11 11 13 15 11 22 44 00 00 00
00 00 00 44 11 15 13 13 15 15 15 13 44 00 00 00
00 00 00 44 24 13 22 11 15 25 15 11 44 00 00 00
00 00 00 44 44 44 44 44 44 44 44 44 44 00 00 00
-54-
00 00 00 00 00 00 00 00 00 00 00 00 00 00 00 00
00 00 00 00 44 44 44 44 44 44 44 00 00 00 00 00
00 00 00 44 00 22 13 22 13 11 13 44 00 00 00 00
00 00 00 44 00 13 21 13 22 15 22 23 44 00 00 00
00 00 00 44 44 44 44 44 44 44 22 13 44 00 00 00
00 00 00 00 44 00 44 00 00 44 05 15 44 00 00 00
00 00 00 00 44 00 44 00 00 44 13 24 44 00 00 00
00 00 00 44 44 44 44 44 44 44 21 21 44 00 00 00
00 00 00 44 25 15 11 22 11 23 11 11 44 00 00 00
00 00 00 44 15 15 11 11 23 21 11 22 44 00 00 00
00 00 00 44 44 44 44 44 44 44 44 44 44 00 00 00
-55-
00 00 00 00 00 00 00 00 25 00 00 00 00 00 00 00
00 00 00 00 00 00 00 05 04 00 00 00 00 00 00 00
00 00 00 00 00 00 45 00 23 45 00 00 00 00 00 00
00 00 00 00 00 45 23 00 21 23 45 00 00 00 00 00
00 00 00 00 45 15 11 15 11 15 11 45 00 00 00 00
00 00 00 45 15 11 15 11 15 11 15 11 45 00 00 00
00 00 00 45 22 23 23 23 23 23 23 22 45 00 00 00
00 00 00 00 45 13 13 11 11 13 13 45 00 00 00 00
00 00 00 00 00 45 15 13 13 15 45 00 00 00 00 00
00 00 00 00 00 00 45 24 13 45 00 00 00 00 00 00
00 00 00 00 00 00 00 45 45 00 00 00 00 00 00 00
-56-
00 45 45 45 45 45 45 00 00 45 45 45 45 45 45 00
00 45 24 11 11 21 45 00 00 45 23 23 22 21 45 00
00 45 11 11 11 11 11 45 45 00 23 22 23 23 45 00
00 45 22 11 23 11 22 15 15 22 23 23 23 23 45 00
00 45 45 45 45 45 11 15 15 11 45 45 45 45 45 00
00 00 00 00 00 00 45 23 23 45 00 00 00 00 00 00
00 45 45 45 45 45 11 13 11 11 45 45 45 45 45 00
00 45 21 22 11 15 13 13 13 23 13 15 11 21 45 00
00 45 23 22 00 00 21 45 45 11 15 13 15 11 45 00
00 45 22 00 00 21 45 00 00 45 11 11 11 25 45 00
00 45 45 45 45 45 45 00 00 45 45 45 45 45 45 00
-57-
25 11 22 06 22 00 15 15 21 22 00 00 00 00 00 00
11 45 04 45 45 05 45 45 45 45 04 45 45 04 45 00
13 06 11 23 11 00 22 11 21 22 15 11 23 13 06 00
13 45 45 13 45 05 45 45 05 45 45 04 45 04 45 00
00 00 13 23 00 22 11 23 00 15 21 13 21 11 06 00
04 45 45 45 05 45 04 45 45 45 45 45 45 45 45 04
00 22 15 21 15 21 00 00 00 00 00 11 23 13 07 00
00 45 05 45 45 45 05 45 45 45 05 45 45 45 45 00
00 06 13 23 24 11 21 11 00 11 22 11 23 15 07 00
00 45 45 45 05 45 45 45 04 45 45 45 45 45 45 00
00 00 00 00 00 00 00 00 00 00 00 00 00 00 00 00
-58-
00 00 00 00 45 45 45 45 45 45 45 00 00 00 00 00
00 00 00 45 45 45 45 45 45 45 45 45 00 00 00 00
00 00 45 45 00 00 00 45 45 00 00 45 45 00 00 00
00 45 45 00 00 00 00 00 00 00 00 00 45 45 00 00
00 45 00 00 00 00 00 45 00 45 00 00 00 45 00 00
00 45 45 00 00 00 45 45 00 45 46 00 45 00 00 00
00 00 00 45 45 45 45 00 00 00 45 45 00 00 00 00
00 00 00 45 45 45 45 00 45 45 45 45 17 45 00 00
00 00 00 45 45 45 45 00 00 45 45 45 00 45 45 00
00 00 00 45 00 00 00 00 45 00 00 00 00 45 45 00
00 00 00 45 45 45 45 00 00 00 45 45 45 45 00 00